(8.80791, 22.1105, 27.3803, 24.8175, 14.8671, 1.9343, 0, 0, 0, 0, 0.0823771, 0, 0, 0, 0, 8.77816, 82.882, 8.33512, 0.00475284, 0, 0, 0, 0, 0, 0, 0, 0, 0.393822, 5.5412, 11.9954, 18.6698, 26.3455, 37.0542)
(7.81994, 19.952, 26.1413, 25.5907, 17.8062, 2.64476, 0, 0, 0, 0, 0.0451067, 0, 0, 0, 0, 5.73525, 88.0411, 6.22208, 0.00155244, 0, 0, 0, 0, 0, 0, 0, 0, 0.759679, 7.2292, 13.8848, 19.7588, 24.3355, 34.032)
(5.94546, 18.8883, 29.5999, 27.8536, 15.7271, 1.8923, 0, 0, 0, 0, 0.093305, 0, 0, 0, 0, 10.0036, 81.4802, 8.50371, 0.012586, 0, 0, 0, 0, 0, 0, 0, 0, 0.374291, 5.60999, 13.0232, 21.2895, 27.5982, 32.1049)
(6.63128, 19.026, 27.268, 24.9913, 19.1184, 2.93863, 0, 0, 0, 0, 0.0264561, 0, 0, 0, 0, 6.54748, 88.0186, 5.4331, 0.000918159, 0, 0, 0, 0, 0, 0, 0, 0, 0.566091, 8.23077, 15.0135, 18.2395, 26.7424, 31.2077)
(8.92134, 21.0769, 27.0634, 23.9247, 16.503, 2.46186, 0, 0, 0, 0, 0.0487396, 0, 0, 0, 0, 6.29835, 88.1328, 5.56752, 0.00137986, 0, 0, 0, 0, 0, 0, 0, 0, 0.486997, 7.01025, 13.314, 18.5368, 24.5015, 36.1505)
(8.15773, 21.2184, 29.5637, 25.7924, 13.2889, 1.90048, 0, 0, 0, 0, 0.0783423, 0, 0, 0, 0, 7.45876, 84.9596, 7.57495, 0.00670675, 0, 0, 0, 0, 0, 0, 0, 0, 0.435338, 4.67018, 11.3988, 19.6598, 27.6995, 36.1363)
(6.02372, 21.1337, 32.0929, 24.5102, 14.2268, 2.00384, 0, 0, 0, 0, 0.0087836, 0, 0, 0, 0, 10.3227, 82.3506, 7.32453, 0.00219944, 0, 0, 0, 0, 0, 0, 0, 0, 0.356193, 3.99155, 12.7236, 17.7537, 30.6383, 34.5367)
(7.64006, 21.7371, 30.1717, 25.3407, 13.1654, 1.91289, 0, 0, 0, 0, 0.0321588, 0, 0, 0, 0, 13.7409, 75.6877, 10.5665, 0.00487017, 0, 0, 0, 0, 0, 0, 0, 0, 0.442678, 4.70898, 11.1269, 19.5549, 27.2876, 36.8788)
(6.81224, 17.8231, 26.866, 25.9219, 19.7107, 2.80411, 0, 0, 0, 0, 0.0619681, 0, 0, 0, 0, 5.78351, 89.6274, 4.58807, 0.000949812, 0, 0, 0, 0, 0, 0, 0, 0, 0.856812, 7.89538, 15.6307, 18.7321, 26.7851, 30.0999)
(8.90353, 25.7585, 29.1178, 22.2542, 12.1516, 1.74074, 0, 0, 0, 0, 0.0735929, 0, 0, 0, 0, 8.29704, 81.9369, 9.75529, 0.0108101, 0, 0, 0, 0, 0, 0, 0, 0, 0.360996, 4.42472, 9.94951, 16.9498, 26.218, 42.0969)
(5.93493, 17.7299, 27.0475, 28.7405, 18.0866, 2.41799, 0, 0, 0, 0, 0.0425801, 0, 0, 0, 0, 7.32949, 87.3633, 5.30361, 0.00352794, 0, 0, 0, 0, 0, 0, 0, 0, 0.497357, 6.51157, 15.683, 21.7372, 26.7556, 28.8153)
(7.55932, 20.0968, 25.1476, 25.5019, 18.999, 2.64904, 0, 0, 0, 0, 0.0463255, 0, 0, 0, 0, 7.40555, 85.4908, 7.10048, 0.00316286, 0, 0, 0, 0, 0, 0, 0, 0, 0.512399, 7.95725, 14.5305, 19.6089, 24.0004, 33.3905)
(6.47797, 17.4763, 25.121, 28.9145, 19.1118, 2.82424, 0, 0, 0, 0, 0.0742103, 0, 0, 0, 0, 7.31622, 87.2972, 5.38475, 0.00183709, 0, 0, 0, 0, 0, 0, 0, 0, 0.848004, 5.8398, 16.9903, 22.1685, 25.0914, 29.0621)
(6.34313, 17.193, 27.3597, 28.6474, 17.7492, 2.66316, 0, 0, 0, 0, 0.0442999, 0, 0, 0, 0, 6.32975, 88.2994, 5.36966, 0.00120091, 0, 0, 0, 0, 0, 0, 0, 0, 0.542842, 6.57031, 15.8281, 21.5003, 26.7067, 28.8517)
(8.29735, 20.1377, 26.3474, 24.9541, 17.7863, 2.43663, 0, 0, 0, 0, 0.0404803, 0, 0, 0, 0, 8.47216, 84.5973, 6.92954, 0.00107388, 0, 0, 0, 0, 0, 0, 0, 0, 0.53163, 7.12165, 14.1425, 19.1737, 24.0303, 35.0002)
(9.28178, 21.2408, 23.3873, 25.5242, 17.9521, 2.4671, 0, 0, 0, 0, 0.146758, 0, 0, 0, 0, 5.48281, 88.9658, 5.54961, 0.00185787, 0, 0, 0, 0, 0, 0, 0, 0, 0.579624, 6.74097, 14.3414, 19.5129, 23.4756, 35.3495)
(6.05811, 18.0814, 28.4519, 26.7824, 17.5005, 3.08904, 0, 0, 0, 0, 0.0366881, 0, 0, 0, 0, 10.6753, 80.8323, 8.48205, 0.0102802, 0, 0, 0, 0, 0, 0, 0, 0, 0.729925, 6.62375, 15.2099, 19.7556, 28.2874, 29.3934)
(6.61525, 18.0809, 26.5929, 26.8647, 18.8579, 2.9571, 0, 0, 0, 0, 0.0313214, 0, 0, 0, 0, 7.87717, 84.7297, 7.39109, 0.00212664, 0, 0, 0, 0, 0, 0, 0, 0, 0.704294, 6.99547, 15.895, 20.233, 25.8459, 30.3264)
(9.25777, 24.2428, 25.1951, 22.0548, 16.3652, 2.86926, 0, 0, 0, 0, 0.0151041, 0, 0, 0, 0, 4.50155, 91.871, 3.62691, 0.000481005, 0, 0, 0, 0, 0, 0, 0, 0, 0.352335, 6.96805, 13.5616, 16.9034, 24.6858, 37.5287)
(9.01836, 22.8376, 29.3897, 24.7924, 12.0263, 1.8516, 0, 0, 0, 0, 0.0840073, 0, 0, 0, 0, 9.54908, 81.1791, 9.23793, 0.0338868, 0, 0, 0, 0, 0, 0, 0, 0, 0.354088, 4.37994, 10.326, 18.9795, 26.8547, 39.1058)
(7.68603, 24.1464, 31.0606, 23.3422, 12.0447, 1.68061, 0, 0, 0, 0, 0.0394449, 0, 0, 0, 0, 7.31287, 84.6056, 8.07736, 0.00409827, 0, 0, 0, 0, 0, 0, 0, 0, 0.220802, 4.34619, 10.4261, 17.1543, 28.6815, 39.171)
(8.47878, 20.2159, 26.2271, 24.693, 17.9004, 2.42602, 0, 0, 0, 0, 0.0588429, 0, 0, 0, 0, 8.96268, 84.168, 6.86855, 0.0007539, 0, 0, 0, 0, 0, 0, 0, 0, 0.556633, 7.13628, 14.0174, 19.2241, 23.7514, 35.3142)
(7.00457, 19.9714, 25.0972, 25.7644, 19.0816, 2.98723, 0, 0, 0, 0, 0.0936037, 0, 0, 0, 0, 9.14682, 81.9068, 8.94429, 0.00211055, 0, 0, 0, 0, 0, 0, 0, 0, 0.487534, 8.27368, 14.4092, 19.4751, 24.2354, 33.1191)
(9.52538, 23.7035, 27.1901, 24.0398, 13.0248, 2.29916, 0, 0, 0, 0, 0.217218, 0, 0, 0, 0, 9.74204, 78.7556, 11.5, 0.00230977, 0, 0, 0, 0, 0, 0, 0, 0, 0.182194, 5.08821, 10.6016, 17.9778, 26.1308, 40.0193)
(7.77997, 20.7466, 28.6455, 25.8598, 15.0757, 1.81685, 0, 0, 0, 0, 0.0754565, 0, 0, 0, 0, 9.01318, 82.5891, 8.39405, 0.00368194, 0, 0, 0, 0, 0, 0, 0, 0, 0.304288, 5.27633, 12.4952, 19.4875, 27.1271, 35.3096)
(6.78181, 18.4493, 27.873, 25.5538, 18.43, 2.87809, 0, 0, 0, 0, 0.033985, 0, 0, 0, 0, 8.68757, 84.5948, 6.70837, 0.0092421, 0, 0, 0, 0, 0, 0, 0, 0, 0.796324, 7.16504, 15.2146, 18.9453, 27.287, 30.5918)
(13.4434, 19.1198, 24.678, 27.1345, 14.4947, 1.12153, 0, 0, 0, 0, 0.00800792, 0, 0, 0, 0, 2.16859, 92.4812, 5.3496, 0.000661894, 0, 0, 0, 0, 0, 0, 0, 0, 0.634383, 3.93281, 12.3689, 21.7073, 21.9432, 39.4134)
(7.59692, 20.0942, 28.0951, 26.3191, 15.8869, 1.90372, 0, 0, 0, 0, 0.104047, 0, 0, 0, 0, 8.92492, 83.0628, 8.00902, 0.00325337, 0, 0, 0, 0, 0, 0, 0, 0, 0.304744, 5.6106, 13.07, 19.8719, 26.668, 34.4748)
(7.91765, 21.4482, 27.5555, 24.3903, 16.0061, 2.64061, 0, 0, 0, 0, 0.0416314, 0, 0, 0, 0, 8.39905, 83.2739, 8.32477, 0.00229393, 0, 0, 0, 0, 0, 0, 0, 0, 0.786812, 6.39536, 13.0384, 18.5346, 25.5618, 35.6831)
(7.79242, 19.8243, 25.1053, 25.6666, 18.6047, 2.91457, 0, 0, 0, 0, 0.0920649, 0, 0, 0, 0, 4.72136, 89.5305, 5.74694, 0.00118747, 0, 0, 0, 0, 0, 0, 0, 0, 0.733135, 8.29691, 14.0604, 19.7096, 23.5753, 33.6246)
(5.51628, 18.7943, 28.3271, 29.1577, 16.0177, 2.14761, 0, 0, 0, 0, 0.0394132, 0, 0, 0, 0, 8.16101, 84.631, 7.19893, 0.00907468, 0, 0, 0, 0, 0, 0, 0, 0, 0.274895, 5.42269, 13.7655, 22.3002, 26.9479, 31.2888)
(7.64712, 21.4382, 28.5817, 26.0531, 14.3065, 1.93393, 0, 0, 0, 0, 0.0394889, 0, 0, 0, 0, 13.2667, 76.3703, 10.3536, 0.00944734, 0, 0, 0, 0, 0, 0, 0, 0, 0.346942, 5.11886, 12.3527, 19.5345, 26.9682, 35.6787)
(5.80331, 19.0999, 29.4804, 27.188, 16.19, 2.1204, 0, 0, 0, 0, 0.118018, 0, 0, 0, 0, 12.6725, 77.8518, 9.44405, 0.0316495, 0, 0, 0, 0, 0, 0, 0, 0, 0.373003, 6.04023, 12.9278, 20.9215, 28.0151, 31.7224)
(8.80072, 21.863, 29.3224, 24.4533, 13.7026, 1.79273, 0, 0, 0, 0, 0.0652755, 0, 0, 0, 0, 8.43663, 83.9853, 7.57489, 0.00323641, 0, 0, 0, 0, 0, 0, 0, 0, 0.297733, 4.99182, 11.4188, 18.9212, 27.1009, 37.2695)
(6.51976, 19.075, 26.1974, 26.9985, 18.4254, 2.51737, 0, 0, 0, 0, 0.266621, 0, 0, 0, 0, 5.13327, 90.3393, 4.52618, 0.00130482, 0, 0, 0, 0, 0, 0, 0, 0, 0.56091, 7.18002, 15.1379, 20.5051, 25.7013, 30.9148)
(6.73179, 19.2088, 29.2365, 26.388, 16.1506, 2.14452, 0, 0, 0, 0, 0.139754, 0, 0, 0, 0, 7.83422, 81.1472, 11.0172, 0.00137236, 0, 0, 0, 0, 0, 0, 0, 0, 0.334041, 5.68267, 13.6565, 19.7778, 27.7304, 32.8186)
(6.75812, 19.5911, 30.1684, 27.3001, 14.4521, 1.68397, 0, 0, 0, 0, 0.0461317, 0, 0, 0, 0, 11.646, 76.2175, 12.1316, 0.00492936, 0, 0, 0, 0, 0, 0, 0, 0, 0.360491, 4.89225, 12.1196, 20.7432, 28.2336, 33.6507)
(6.66621, 20.6128, 27.1721, 23.1576, 19.4069, 2.90069, 0, 0, 0, 0, 0.0837554, 0, 0, 0, 0, 6.42745, 87.9713, 5.60082, 0.000431406, 0, 0, 0, 0, 0, 0, 0, 0, 0.690665, 8.34142, 14.2933, 17.9074, 24.7098, 34.0574)
(10.3327, 22.4379, 26.0591, 24.403, 14.6776, 1.96506, 0, 0, 0, 0, 0.124677, 0, 0, 0, 0, 9.44288, 80.7907, 9.76278, 0.00356704, 0, 0, 0, 0, 0, 0, 0, 0, 0.3938, 5.67754, 11.7736, 18.9572, 24.0101, 39.1877)
(6.47246, 18.0348, 25.9227, 28.2633, 18.6019, 2.65418, 0, 0, 0, 0, 0.0507308, 0, 0, 0, 0, 7.12004, 87.5701, 5.30737, 0.00255579, 0, 0, 0, 0, 0, 0, 0, 0, 0.723529, 6.10693, 16.146, 21.6713, 25.7223, 29.6299)
(7.27941, 19.7009, 28.7922, 25.3245, 16.2867, 2.56265, 0, 0, 0, 0, 0.0537099, 0, 0, 0, 0, 6.57044, 85.7327, 7.69547, 0.00137551, 0, 0, 0, 0, 0, 0, 0, 0, 0.722983, 6.12248, 13.9076, 18.6772, 26.8545, 33.7152)
(9.5988, 25.3113, 28.586, 22.668, 11.9519, 1.82477, 0, 0, 0, 0, 0.0592962, 0, 0, 0, 0, 8.4934, 81.6699, 9.82346, 0.0132493, 0, 0, 0, 0, 0, 0, 0, 0, 0.333809, 4.64239, 9.73717, 17.3464, 25.7456, 42.1946)
(9.80424, 23.6864, 29.3888, 22.8491, 12.5149, 1.62814, 0, 0, 0, 0, 0.128456, 0, 0, 0, 0, 8.85103, 82.7029, 8.44136, 0.00476492, 0, 0, 0, 0, 0, 0, 0, 0, 0.406941, 4.42896, 10.5167, 16.7002, 26.9479, 40.9993)
(8.89772, 21.3613, 27.0573, 24.4504, 15.9522, 2.22847, 0, 0, 0, 0, 0.0526361, 0, 0, 0, 0, 7.25134, 86.3541, 6.39228, 0.00224245, 0, 0, 0, 0, 0, 0, 0, 0, 0.361754, 6.43681, 12.7781, 18.8969, 25.004, 36.5224)
(7.3799, 20.3151, 28.0102, 24.7689, 16.6645, 2.83051, 0, 0, 0, 0, 0.0309175, 0, 0, 0, 0, 8.05264, 83.2308, 8.71471, 0.00185742, 0, 0, 0, 0, 0, 0, 0, 0, 0.937571, 6.54773, 13.8492, 18.8815, 25.6408, 34.1431)
(6.74492, 20.8697, 32.3829, 24.0095, 14.2326, 1.75162, 0, 0, 0, 0, 0.00878837, 0, 0, 0, 0, 9.67486, 82.9167, 7.40614, 0.00220696, 0, 0, 0, 0, 0, 0, 0, 0, 0.35626, 4.23852, 12.9669, 17.0155, 30.653, 34.7699)
(7.41244, 21.4539, 29.994, 24.561, 14.976, 1.57446, 0, 0, 0, 0, 0.0281825, 0, 0, 0, 0, 5.66662, 87.5737, 6.75813, 0.00156776, 0, 0, 0, 0, 0, 0, 0, 0, 0.388402, 5.59042, 11.6019, 19.615, 27.0352, 35.769)
(7.80548, 20.4315, 28.0657, 25.8173, 16.0191, 1.81248, 0, 0, 0, 0, 0.0483798, 0, 0, 0, 0, 7.17489, 86.3137, 6.50908, 0.00235253, 0, 0, 0, 0, 0, 0, 0, 0, 0.251556, 5.5357, 13.3271, 19.1515, 26.9435, 34.7907)
(7.91789, 22.0201, 29.5779, 24.532, 14.0412, 1.83305, 0, 0, 0, 0, 0.0779161, 0, 0, 0, 0, 7.00613, 84.968, 8.02188, 0.00400452, 0, 0, 0, 0, 0, 0, 0, 0, 0.339374, 5.03116, 11.68, 18.3766, 27.1057, 37.4672)
(7.66603, 19.7661, 25.1191, 25.891, 18.7059, 2.81432, 0, 0, 0, 0, 0.037515, 0, 0, 0, 0, 6.96795, 85.8425, 7.18829, 0.00115964, 0, 0, 0, 0, 0, 0, 0, 0, 0.821678, 8.34649, 13.6424, 19.761, 23.8191, 33.6094)
(9.50336, 24.0055, 27.5487, 23.7768, 12.9014, 2.08335, 0, 0, 0, 0, 0.180937, 0, 0, 0, 0, 8.64175, 81.1777, 10.177, 0.00362221, 0, 0, 0, 0, 0, 0, 0, 0, 0.204095, 4.99852, 10.4804, 17.9907, 26.0526, 40.2737)
(6.88933, 17.8405, 26.5519, 26.6483, 19.2673, 2.76473, 0, 0, 0, 0, 0.0379151, 0, 0, 0, 0, 5.62551, 89.8175, 4.55575, 0.00118764, 0, 0, 0, 0, 0, 0, 0, 0, 0.841176, 7.58401, 15.6134, 19.3443, 26.62, 29.9971)
(8.10138, 19.6034, 26.4326, 25.8163, 17.8018, 2.17312, 0, 0, 0, 0, 0.0713677, 0, 0, 0, 0, 7.31139, 86.5157, 6.16277, 0.0101542, 0, 0, 0, 0, 0, 0, 0, 0, 0.542477, 6.6506, 13.9925, 19.6281, 25.7907, 33.3955)
(8.76003, 25.9051, 28.9307, 22.2464, 12.4019, 1.67175, 0, 0, 0, 0, 0.0841856, 0, 0, 0, 0, 9.34038, 80.1956, 10.4336, 0.0304977, 0, 0, 0, 0, 0, 0, 0, 0, 0.409819, 4.32888, 10.1755, 16.9798, 26.3762, 41.7298)
(7.02265, 19.4831, 29.2273, 27.1037, 15.1015, 2.01519, 0, 0, 0, 0, 0.0465135, 0, 0, 0, 0, 6.18703, 86.6674, 7.14312, 0.00245306, 0, 0, 0, 0, 0, 0, 0, 0, 0.495297, 5.36736, 12.8928, 20.5478, 27.4284, 33.2683)
(6.24659, 17.6852, 25.9801, 28.8188, 18.5855, 2.61659, 0, 0, 0, 0, 0.0671798, 0, 0, 0, 0, 7.01338, 87.8825, 5.10163, 0.00251626, 0, 0, 0, 0, 0, 0, 0, 0, 0.616719, 6.23342, 16.3084, 21.971, 25.8632, 29.0073)
(8.41253, 20.8039, 24.9807, 25.2667, 18.0698, 2.41121, 0, 0, 0, 0, 0.0551444, 0, 0, 0, 0, 5.98865, 87.8813, 6.12795, 0.00212289, 0, 0, 0, 0, 0, 0, 0, 0, 0.693214, 6.9311, 14.1312, 19.5572, 23.5335, 35.1537)
(6.7786, 19.5833, 28.4676, 26.5614, 16.2602, 2.28872, 0, 0, 0, 0, 0.0602025, 0, 0, 0, 0, 6.28272, 85.9291, 7.78663, 0.00150037, 0, 0, 0, 0, 0, 0, 0, 0, 0.359603, 6.01519, 13.6355, 19.6179, 27.4905, 32.8813)
(9.24395, 20.7634, 26.2789, 25.8788, 15.9039, 1.88723, 0, 0, 0, 0, 0.0437289, 0, 0, 0, 0, 7.56308, 85.3418, 7.08928, 0.00586013, 0, 0, 0, 0, 0, 0, 0, 0, 0.464047, 5.77738, 13.12, 19.8348, 24.953, 35.8507)
(6.88439, 20.5447, 27.1964, 23.1397, 19.3182, 2.87391, 0, 0, 0, 0, 0.0425888, 0, 0, 0, 0, 5.22459, 90.0477, 4.72712, 0.000630675, 0, 0, 0, 0, 0, 0, 0, 0, 0.757915, 8.24253, 14.4213, 17.8653, 25.1382, 33.5748)
(7.80775, 20.4615, 28.1721, 24.4601, 16.4562, 2.60271, 0, 0, 0, 0, 0.0396522, 0, 0, 0, 0, 5.33768, 88.2771, 6.38382, 0.00137084, 0, 0, 0, 0, 0, 0, 0, 0, 0.626632, 6.12348, 13.1286, 18.5965, 26.7229, 34.8019)
(7.17715, 21.6511, 26.1081, 23.7537, 18.943, 2.34161, 0, 0, 0, 0, 0.0253913, 0, 0, 0, 0, 7.31597, 86.4039, 6.27917, 0.00101569, 0, 0, 0, 0, 0, 0, 0, 0, 0.526207, 8.61608, 13.8027, 17.5782, 24.3349, 35.142)
(9.66675, 22.6777, 27.9819, 24.3742, 13.498, 1.73006, 0, 0, 0, 0, 0.0714542, 0, 0, 0, 0, 11.9221, 77.3063, 10.7458, 0.0257765, 0, 0, 0, 0, 0, 0, 0, 0, 0.326831, 4.80958, 11.2869, 18.3775, 26.1704, 39.0288)
(9.32426, 22.3861, 25.8301, 23.8636, 16.1622, 2.34811, 0, 0, 0, 0, 0.0856293, 0, 0, 0, 0, 7.95859, 84.1312, 7.90771, 0.00245671, 0, 0, 0, 0, 0, 0, 0, 0, 0.439346, 6.62834, 12.8868, 18.2275, 24.0633, 37.7546)
(9.03706, 22.0943, 29.1658, 24.3871, 13.4554, 1.77845, 0, 0, 0, 0, 0.0819892, 0, 0, 0, 0, 8.31173, 84.0282, 7.65635, 0.0037126, 0, 0, 0, 0, 0, 0, 0, 0, 0.326931, 4.82809, 11.201, 18.8142, 26.854, 37.9757)
(8.19352, 21.7939, 29.1122, 25.3597, 13.6715, 1.82641, 0, 0, 0, 0, 0.0427171, 0, 0, 0, 0, 11.5883, 79.0064, 9.39954, 0.00576589, 0, 0, 0, 0, 0, 0, 0, 0, 0.390733, 4.89675, 11.4076, 19.3712, 26.6755, 37.2582)
(8.31559, 19.8011, 26.593, 25.0178, 17.7462, 2.43903, 0, 0, 0, 0, 0.0872249, 0, 0, 0, 0, 5.70259, 88.0839, 6.2129, 0.000649323, 0, 0, 0, 0, 0, 0, 0, 0, 0.556804, 7.217, 13.822, 19.6643, 23.794, 34.9459)
(6.52806, 19.2406, 28.2896, 24.4868, 18.5456, 2.89519, 0, 0, 0, 0, 0.0142469, 0, 0, 0, 0, 7.45982, 86.0581, 6.48152, 0.00060462, 0, 0, 0, 0, 0, 0, 0, 0, 0.73739, 8.5911, 14.0975, 18.3581, 25.7984, 32.4175)
(6.85623, 21.5017, 31.1315, 25.2475, 13.2072, 2.03549, 0, 0, 0, 0, 0.0203027, 0, 0, 0, 0, 13.9592, 75.8225, 10.2141, 0.00422829, 0, 0, 0, 0, 0, 0, 0, 0, 0.492936, 4.44012, 11.4321, 19.4549, 28.2536, 35.9263)
(8.07492, 21.0773, 28.1665, 25.4854, 15.3256, 1.78654, 0, 0, 0, 0, 0.0838332, 0, 0, 0, 0, 7.85456, 84.8651, 7.27755, 0.0027594, 0, 0, 0, 0, 0, 0, 0, 0, 0.259478, 5.43283, 12.5835, 19.1401, 26.9163, 35.6678)
(10.0028, 22.5698, 26.7601, 24.1407, 14.5193, 1.9403, 0, 0, 0, 0, 0.0670055, 0, 0, 0, 0, 9.38455, 81.4371, 9.17204, 0.00637692, 0, 0, 0, 0, 0, 0, 0, 0, 0.373041, 5.50268, 11.7491, 18.7162, 24.5851, 39.0739)
(7.55755, 20.5624, 28.4505, 24.7658, 16.2117, 2.4026, 0, 0, 0, 0, 0.0495286, 0, 0, 0, 0, 5.18436, 88.7147, 6.09917, 0.00172712, 0, 0, 0, 0, 0, 0, 0, 0, 0.817817, 6.03845, 12.8341, 19.0721, 26.6404, 34.5971)
(7.26321, 21.6785, 26.1539, 23.6922, 18.8159, 2.36902, 0, 0, 0, 0, 0.0272793, 0, 0, 0, 0, 7.12725, 85.6251, 7.24664, 0.00107694, 0, 0, 0, 0, 0, 0, 0, 0, 0.509187, 9.04439, 13.5731, 17.5198, 24.0131, 35.3405)
(6.88592, 20.5714, 30.1195, 26.5168, 14.2012, 1.66363, 0, 0, 0, 0, 0.0417165, 0, 0, 0, 0, 10.7558, 78.783, 10.4559, 0.0053089, 0, 0, 0, 0, 0, 0, 0, 0, 0.379492, 4.82703, 11.7906, 20.1595, 28.0851, 34.7583)
(7.36455, 21.6757, 26.6001, 23.7943, 17.8786, 2.66122, 0, 0, 0, 0, 0.0255435, 0, 0, 0, 0, 7.90906, 83.9386, 8.15115, 0.00120358, 0, 0, 0, 0, 0, 0, 0, 0, 0.690437, 7.99147, 13.7522, 17.7458, 24.4251, 35.3949)
(7.42751, 20.7224, 29.1038, 25.4613, 15.2476, 1.96698, 0, 0, 0, 0, 0.0704788, 0, 0, 0, 0, 6.19796, 86.4543, 7.34514, 0.00257574, 0, 0, 0, 0, 0, 0, 0, 0, 0.4555, 5.64399, 12.4652, 19.4111, 27.0452, 34.979)
(6.60812, 18.626, 27.5993, 24.985, 19.0399, 3.10851, 0, 0, 0, 0, 0.0331417, 0, 0, 0, 0, 5.70358, 89.1608, 5.13463, 0.000984688, 0, 0, 0, 0, 0, 0, 0, 0, 0.577905, 8.46129, 14.9568, 18.3284, 26.4818, 31.1939)
(7.70587, 23.2225, 31.3231, 23.4563, 12.38, 1.75912, 0, 0, 0, 0, 0.153162, 0, 0, 0, 0, 7.05855, 85.3681, 7.5674, 0.0059746, 0, 0, 0, 0, 0, 0, 0, 0, 0.309683, 4.24326, 10.743, 17.8478, 28.4771, 38.3792)
(6.87439, 18.9001, 25.5319, 25.5645, 19.7666, 3.3379, 0, 0, 0, 0, 0.0245751, 0, 0, 0, 0, 10.9735, 77.779, 11.246, 0.00156144, 0, 0, 0, 0, 0, 0, 0, 0, 0.409417, 8.93271, 14.3052, 18.8142, 24.5711, 32.9674)
(9.52822, 22.9839, 26.9927, 20.9845, 16.8922, 2.60342, 0, 0, 0, 0, 0.0150636, 0, 0, 0, 0, 4.51628, 92.375, 3.1082, 0.000490997, 0, 0, 0, 0, 0, 0, 0, 0, 0.35142, 6.96049, 13.0311, 17.1468, 24.6851, 37.825)
(7.69942, 21.2748, 27.6194, 23.5694, 16.5206, 3.29975, 0, 0, 0, 0, 0.016734, 0, 0, 0, 0, 10.6249, 75.417, 13.9573, 0.000903591, 0, 0, 0, 0, 0, 0, 0, 0, 1.17967, 6.929, 13.2809, 18.11, 24.6639, 35.8365)
(8.968, 22.2286, 29.7692, 25.5708, 11.4205, 1.94578, 0, 0, 0, 0, 0.0970682, 0, 0, 0, 0, 9.55676, 81.275, 9.15528, 0.0129623, 0, 0, 0, 0, 0, 0, 0, 0, 0.419656, 4.21296, 9.87336, 19.7359, 27.2723, 38.4858)
(6.31036, 19.8663, 30.9033, 26.5683, 14.7089, 1.60177, 0, 0, 0, 0, 0.0411121, 0, 0, 0, 0, 10.6199, 78.9143, 10.4576, 0.0081889, 0, 0, 0, 0, 0, 0, 0, 0, 0.371922, 5.01814, 12.1568, 20.2935, 28.8418, 33.3179)
(8.65288, 22.4157, 28.7617, 24.5527, 13.5574, 1.97476, 0, 0, 0, 0, 0.084822, 0, 0, 0, 0, 6.70701, 85.5991, 7.69014, 0.00377821, 0, 0, 0, 0, 0, 0, 0, 0, 0.336496, 5.33722, 11.3245, 18.2846, 26.2923, 38.4249)
(6.23389, 17.6512, 27.286, 29.4042, 17.4225, 1.95518, 0, 0, 0, 0, 0.0470384, 0, 0, 0, 0, 7.40618, 86.6415, 5.94768, 0.0045611, 0, 0, 0, 0, 0, 0, 0, 0, 0.391414, 5.85583, 14.9881, 22.4996, 27.0509, 29.2141)
(9.97365, 23.563, 26.6327, 23.7542, 13.6686, 2.1724, 0, 0, 0, 0, 0.23538, 0, 0, 0, 0, 10.7991, 76.7435, 12.4552, 0.00221622, 0, 0, 0, 0, 0, 0, 0, 0, 0.15804, 4.78905, 11.2067, 17.3737, 26.3684, 40.1042)
(8.04386, 20.0464, 24.9151, 25.7188, 18.5013, 2.71815, 0, 0, 0, 0, 0.0563512, 0, 0, 0, 0, 5.61142, 88.3906, 5.99635, 0.00168753, 0, 0, 0, 0, 0, 0, 0, 0, 0.802678, 7.95449, 13.8504, 19.6573, 23.5962, 34.1389)
(9.92158, 23.652, 29.4645, 22.7127, 12.544, 1.56406, 0, 0, 0, 0, 0.141126, 0, 0, 0, 0, 8.82179, 82.5945, 8.57989, 0.00386495, 0, 0, 0, 0, 0, 0, 0, 0, 0.408725, 4.41247, 10.5204, 16.5626, 26.8925, 41.2033)
(8.28869, 22.4881, 26.9178, 23.9337, 15.9708, 2.3541, 0, 0, 0, 0, 0.0467657, 0, 0, 0, 0, 9.8288, 80.3683, 9.80067, 0.00227263, 0, 0, 0, 0, 0, 0, 0, 0, 0.46765, 6.38334, 12.2143, 18.5081, 25.1302, 37.2965)
(6.24362, 16.8922, 27.4837, 28.9509, 17.7548, 2.65986, 0, 0, 0, 0, 0.0149158, 0, 0, 0, 0, 6.66478, 88.2394, 5.09501, 0.000778864, 0, 0, 0, 0, 0, 0, 0, 0, 0.603441, 6.80308, 16.1043, 21.4119, 27.1923, 27.885)
(6.8243, 18.0536, 27.4647, 25.1144, 19.0927, 3.42299, 0, 0, 0, 0, 0.0273901, 0, 0, 0, 0, 6.42975, 87.1665, 6.4025, 0.0011951, 0, 0, 0, 0, 0, 0, 0, 0, 0.719585, 7.80817, 15.8823, 18.7, 26.4725, 30.4175)
(6.33373, 18.1486, 27.3855, 28.6666, 17.3195, 2.07324, 0, 0, 0, 0, 0.0728386, 0, 0, 0, 0, 7.93198, 85.6066, 6.45692, 0.00453506, 0, 0, 0, 0, 0, 0, 0, 0, 0.404445, 5.94685, 14.9107, 21.3888, 26.9814, 30.3678)
(8.09832, 21.0898, 27.8226, 25.9733, 14.9662, 2.00301, 0, 0, 0, 0, 0.0466379, 0, 0, 0, 0, 10.6025, 80.5592, 8.82919, 0.00910693, 0, 0, 0, 0, 0, 0, 0, 0, 0.373592, 5.42655, 12.6952, 19.4689, 26.3991, 35.6367)
(8.81991, 20.9488, 27.1282, 24.2274, 16.2088, 2.60703, 0, 0, 0, 0, 0.0597517, 0, 0, 0, 0, 6.26019, 87.6363, 6.102, 0.00146813, 0, 0, 0, 0, 0, 0, 0, 0, 0.387686, 6.88854, 13.2604, 18.7543, 24.4178, 36.2913)
(6.00949, 17.5334, 27.5892, 29.1917, 17.6366, 1.99688, 0, 0, 0, 0, 0.0427339, 0, 0, 0, 0, 9.31727, 83.0133, 7.6646, 0.00481339, 0, 0, 0, 0, 0, 0, 0, 0, 0.345164, 5.89659, 15.1794, 21.4999, 27.3133, 29.7656)
(8.27028, 20.5286, 24.6827, 25.6304, 18.3515, 2.49801, 0, 0, 0, 0, 0.0385559, 0, 0, 0, 0, 7.13718, 85.9608, 6.89861, 0.00339934, 0, 0, 0, 0, 0, 0, 0, 0, 0.525649, 7.39025, 14.5317, 19.5785, 23.7244, 34.2494)
(6.89874, 19.6077, 29.2957, 26.7315, 15.3805, 2.02459, 0, 0, 0, 0, 0.06126, 0, 0, 0, 0, 6.29758, 85.4357, 8.26506, 0.00166705, 0, 0, 0, 0, 0, 0, 0, 0, 0.413211, 5.51635, 12.8203, 20.1498, 28.0495, 33.0507)
(9.83537, 23.1593, 28.7474, 23.202, 13.651, 1.35289, 0, 0, 0, 0, 0.0521081, 0, 0, 0, 0, 6.92882, 86.3149, 6.75278, 0.00357737, 0, 0, 0, 0, 0, 0, 0, 0, 0.332868, 4.64942, 10.8481, 17.8628, 26.8643, 39.4425)
(6.76125, 16.8776, 23.1257, 29.7933, 20.1191, 3.3112, 0, 0, 0, 0, 0.0117884, 0, 0, 0, 0, 9.7645, 83.2044, 7.03046, 0.000627348, 0, 0, 0, 0, 0, 0, 0, 0, 1.10792, 4.74671, 18.9097, 23.72, 23.4819, 28.0337)
(9.69631, 24.1114, 27.2517, 23.6975, 12.6356, 2.34345, 0, 0, 0, 0, 0.264068, 0, 0, 0, 0, 10.88, 75.439, 13.6791, 0.00193138, 0, 0, 0, 0, 0, 0, 0, 0, 0.121922, 4.86626, 10.2938, 17.6551, 26.0822, 40.9808)
(9.19, 22.6241, 26.8335, 24.4219, 14.7301, 2.07152, 0, 0, 0, 0, 0.128909, 0, 0, 0, 0, 7.28958, 84.4548, 8.25227, 0.00326708, 0, 0, 0, 0, 0, 0, 0, 0, 0.333289, 5.44903, 12.1143, 18.3327, 25.654, 38.1167)
(6.66509, 18.6395, 27.7142, 25.3578, 18.5174, 3.07164, 0, 0, 0, 0, 0.0344435, 0, 0, 0, 0, 8.59676, 85.0111, 6.38468, 0.00743597, 0, 0, 0, 0, 0, 0, 0, 0, 0.687967, 7.65362, 15.3525, 18.3836, 27.812, 30.1103)
(9.40285, 21.1762, 23.8672, 25.3487, 17.726, 2.45821, 0, 0, 0, 0, 0.0208112, 0, 0, 0, 0, 6.17287, 88.044, 5.78149, 0.00162466, 0, 0, 0, 0, 0, 0, 0, 0, 0.735089, 6.46832, 14.3392, 19.871, 22.8989, 35.6875)
(7.06479, 19.7811, 26.9023, 24.1348, 18.952, 3.12948, 0, 0, 0, 0, 0.0354818, 0, 0, 0, 0, 6.34988, 88.0989, 5.55029, 0.00097269, 0, 0, 0, 0, 0, 0, 0, 0, 0.437858, 8.68615, 14.4727, 18.1426, 26.1247, 32.136)
(7.3818, 19.789, 27.2824, 26.2754, 16.9443, 2.22022, 0, 0, 0, 0, 0.106757, 0, 0, 0, 0, 7.32207, 86.0583, 6.61647, 0.0031482, 0, 0, 0, 0, 0, 0, 0, 0, 0.430763, 6.29736, 13.966, 19.8629, 26.0828, 33.3602)
(6.73903, 18.9645, 26.0369, 26.8257, 18.7495, 2.50359, 0, 0, 0, 0, 0.180817, 0, 0, 0, 0, 4.8256, 90.8363, 4.33684, 0.00118922, 0, 0, 0, 0, 0, 0, 0, 0, 0.585599, 7.2994, 15.0143, 20.65, 25.5201, 30.9305)
(11.2514, 23.1275, 29.6991, 23.1125, 11.2376, 1.51762, 0, 0, 0, 0, 0.0543163, 0, 0, 0, 0, 13.4233, 74.3139, 12.2608, 0.00203032, 0, 0, 0, 0, 0, 0, 0, 0, 0.313413, 3.66565, 9.4979, 16.6333, 24.1032, 45.7865)
(6.45629, 18.5242, 29.4627, 29.1286, 14.5105, 1.88928, 0, 0, 0, 0, 0.028459, 0, 0, 0, 0, 5.92434, 87.7669, 6.30726, 0.00154657, 0, 0, 0, 0, 0, 0, 0, 0, 0.579017, 4.86097, 12.9841, 22.2461, 27.5745, 31.7552)
(6.42376, 17.3159, 30.8402, 29.7517, 13.9438, 1.70581, 0, 0, 0, 0, 0.0187483, 0, 0, 0, 0, 5.34424, 88.6861, 5.96849, 0.00113681, 0, 0, 0, 0, 0, 0, 0, 0, 0.580015, 4.51601, 12.5438, 23.3062, 27.8464, 31.2075)
(5.91159, 19.278, 30.056, 27.1096, 15.5955, 1.97936, 0, 0, 0, 0, 0.0698308, 0, 0, 0, 0, 9.78036, 82.0592, 8.13393, 0.0265479, 0, 0, 0, 0, 0, 0, 0, 0, 0.369514, 5.7026, 12.8143, 20.9587, 27.8241, 32.3309)
(6.90001, 21.3635, 31.5336, 25.1313, 13.1471, 1.90461, 0, 0, 0, 0, 0.019844, 0, 0, 0, 0, 17.1411, 70.3737, 12.4813, 0.00391998, 0, 0, 0, 0, 0, 0, 0, 0, 0.459725, 4.41909, 11.3583, 19.3232, 28.0743, 36.3653)
(6.14953, 16.4108, 32.0938, 30.6365, 13.2024, 1.49992, 0, 0, 0, 0, 0.00704594, 0, 0, 0, 0, 4.53176, 90.3156, 5.15211, 0.000431878, 0, 0, 0, 0, 0, 0, 0, 0, 0.657787, 3.97734, 12.3213, 24.375, 27.9018, 30.7668)
(6.7886, 18.6069, 26.3727, 27.1723, 18.4295, 2.51131, 0, 0, 0, 0, 0.118742, 0, 0, 0, 0, 5.91962, 89.0106, 5.06785, 0.00202167, 0, 0, 0, 0, 0, 0, 0, 0, 0.64532, 7.02607, 15.138, 20.4203, 25.9172, 30.8531)
(10.1668, 22.1635, 26.3184, 24.7233, 14.7024, 1.8773, 0, 0, 0, 0, 0.0484154, 0, 0, 0, 0, 8.61678, 83.0574, 8.32256, 0.00326152, 0, 0, 0, 0, 0, 0, 0, 0, 0.35322, 5.71687, 11.6797, 19.4944, 24.1636, 38.5922)
(8.64329, 22.5249, 26.3087, 23.6526, 16.4832, 2.33559, 0, 0, 0, 0, 0.0518282, 0, 0, 0, 0, 8.89954, 82.5547, 8.54303, 0.00276502, 0, 0, 0, 0, 0, 0, 0, 0, 0.469274, 6.64135, 12.7786, 18.2268, 24.6227, 37.2613)
(8.23974, 22.4474, 29.6795, 24.6437, 13.1997, 1.74811, 0, 0, 0, 0, 0.0417957, 0, 0, 0, 0, 8.91728, 83.4812, 7.59689, 0.00462318, 0, 0, 0, 0, 0, 0, 0, 0, 0.327244, 4.67547, 10.9239, 18.9374, 27.2275, 37.9085)
(6.13195, 19.4363, 28.5643, 24.2213, 18.6664, 2.97569, 0, 0, 0, 0, 0.00406993, 0, 0, 0, 0, 6.43241, 90.4862, 3.08117, 0.000175788, 0, 0, 0, 0, 0, 0, 0, 0, 0.929016, 9.11303, 14.1245, 18.0227, 25.7106, 32.1001)
(8.76267, 22.4368, 28.3994, 24.485, 13.8731, 1.95168, 0, 0, 0, 0, 0.0912143, 0, 0, 0, 0, 7.02036, 85.2955, 7.6807, 0.00342476, 0, 0, 0, 0, 0, 0, 0, 0, 0.345961, 5.28318, 11.4361, 18.4732, 26.0887, 38.3728)
(13.1438, 19.6802, 24.9757, 26.5742, 14.7826, 0.835727, 0, 0, 0, 0, 0.00784364, 0, 0, 0, 0, 2.46548, 91.3173, 6.21658, 0.00067647, 0, 0, 0, 0, 0, 0, 0, 0, 0.63425, 4.21987, 11.2307, 22.0032, 23.083, 38.8291)
(8.42464, 21.3333, 28.6778, 25.229, 14.4406, 1.82452, 0, 0, 0, 0, 0.0701086, 0, 0, 0, 0, 9.10769, 82.4525, 8.4366, 0.00323012, 0, 0, 0, 0, 0, 0, 0, 0, 0.279715, 5.12548, 11.9149, 19.1039, 26.9066, 36.6695)
(7.40454, 20.7908, 28.2527, 23.6788, 16.4809, 3.37707, 0, 0, 0, 0, 0.015144, 0, 0, 0, 0, 9.11015, 79.613, 11.276, 0.000836348, 0, 0, 0, 0, 0, 0, 0, 0, 1.31812, 6.59237, 14.2764, 18.0406, 24.4817, 35.2908)
(7.02133, 21.8115, 30.6859, 25.3892, 13.0618, 2.00692, 0, 0, 0, 0, 0.0233508, 0, 0, 0, 0, 16.1581, 72.0733, 11.7645, 0.00407299, 0, 0, 0, 0, 0, 0, 0, 0, 0.437384, 4.52804, 11.1903, 19.7374, 27.298, 36.8088)
(8.74832, 26.5952, 28.9897, 21.7872, 12.1614, 1.59408, 0, 0, 0, 0, 0.124153, 0, 0, 0, 0, 8.18504, 81.5618, 10.2382, 0.0149147, 0, 0, 0, 0, 0, 0, 0, 0, 0.308839, 4.29611, 10.2265, 16.5904, 26.1575, 42.4206)
(6.38343, 19.7416, 29.0592, 24.4223, 17.0627, 3.32985, 0, 0, 0, 0, 0.000912524, 0, 0, 0, 0, 6.42335, 87.7787, 5.79795, 4.8533e-05, 0, 0, 0, 0, 0, 0, 0, 0, 1.00216, 7.01979, 15.0201, 18.727, 25.7442, 32.4867)
(6.5872, 18.7833, 27.5041, 25.5315, 18.7221, 2.83523, 0, 0, 0, 0, 0.0364211, 0, 0, 0, 0, 6.61846, 87.6436, 5.73672, 0.00125401, 0, 0, 0, 0, 0, 0, 0, 0, 0.555659, 7.95405, 14.8713, 18.946, 26.5987, 31.0743)
(6.57194, 17.4863, 27.1399, 27.8287, 18.3027, 2.63387, 0, 0, 0, 0, 0.0366635, 0, 0, 0, 0, 6.2966, 87.2674, 6.43432, 0.00168933, 0, 0, 0, 0, 0, 0, 0, 0, 0.562652, 6.42489, 15.8536, 21.3678, 26.1507, 29.6404)
(6.11211, 17.0344, 27.1694, 28.3934, 18.6137, 2.51848, 0, 0, 0, 0, 0.158561, 0, 0, 0, 0, 7.71565, 86.2012, 6.08237, 0.00075137, 0, 0, 0, 0, 0, 0, 0, 0, 0.622879, 6.69924, 16.2993, 20.9887, 27.215, 28.1749)
(5.9187, 18.747, 29.3638, 27.4664, 16.0152, 2.42919, 0, 0, 0, 0, 0.0596862, 0, 0, 0, 0, 11.5143, 79.8974, 8.54354, 0.0447706, 0, 0, 0, 0, 0, 0, 0, 0, 0.351812, 6.15707, 13.3549, 20.9754, 27.4714, 31.6895)
(8.87646, 21.5803, 30.5133, 26.9113, 9.91239, 1.98404, 0, 0, 0, 0, 0.222294, 0, 0, 0, 0, 4.85209, 89.4694, 5.67524, 0.00331563, 0, 0, 0, 0, 0, 0, 0, 0, 0.749762, 3.60559, 8.93295, 21.2612, 28.4375, 37.0129)
(11.8494, 25.909, 27.8206, 20.6347, 12.7251, 1.05572, 0, 0, 0, 0, 0.00549112, 0, 0, 0, 0, 27.1623, 49.4069, 23.1179, 0.312871, 0, 0, 0, 0, 0, 0, 0, 0, 0.334929, 3.12468, 10.3951, 15.5736, 24.5383, 46.0334)
(7.86443, 20.1746, 25.7411, 25.7179, 17.8403, 2.61659, 0, 0, 0, 0, 0.0450923, 0, 0, 0, 0, 5.41044, 88.2462, 6.34182, 0.00148579, 0, 0, 0, 0, 0, 0, 0, 0, 0.731427, 7.61815, 13.7371, 19.8869, 23.9251, 34.1013)
(6.88678, 18.7909, 28.0943, 27.2456, 16.529, 2.41529, 0, 0, 0, 0, 0.0380759, 0, 0, 0, 0, 6.89967, 86.5703, 6.52778, 0.0022779, 0, 0, 0, 0, 0, 0, 0, 0, 0.579148, 6.15928, 14.0453, 20.7736, 26.5195, 31.9231)
(9.88731, 22.291, 27.6091, 25.4439, 13.0381, 1.68761, 0, 0, 0, 0, 0.04298, 0, 0, 0, 0, 10.3779, 80.0384, 9.57947, 0.00421991, 0, 0, 0, 0, 0, 0, 0, 0, 0.345273, 4.77027, 10.5976, 19.1293, 26.467, 38.6905)
(8.64258, 21.7491, 30.2735, 26.5689, 10.6208, 1.98097, 0, 0, 0, 0, 0.164111, 0, 0, 0, 0, 5.60554, 88.4668, 5.92322, 0.00440837, 0, 0, 0, 0, 0, 0, 0, 0, 0.636464, 3.91208, 9.43422, 20.7392, 28.146, 37.1321)
(6.81308, 18.6469, 28.884, 27.8123, 15.6901, 2.10839, 0, 0, 0, 0, 0.0451891, 0, 0, 0, 0, 6.41179, 86.5164, 7.06981, 0.00198142, 0, 0, 0, 0, 0, 0, 0, 0, 0.490495, 5.5597, 13.4695, 21.0745, 27.3186, 32.0873)
(9.15583, 22.1017, 27.7017, 24.9447, 14.1247, 1.84849, 0, 0, 0, 0, 0.122957, 0, 0, 0, 0, 9.32143, 82.1634, 8.50721, 0.00796295, 0, 0, 0, 0, 0, 0, 0, 0, 0.342925, 5.15204, 11.7748, 18.7909, 26.2396, 37.6998)
(7.81967, 20.722, 27.5878, 24.5366, 16.8068, 2.48138, 0, 0, 0, 0, 0.0456341, 0, 0, 0, 0, 5.19745, 88.7805, 6.02058, 0.00146595, 0, 0, 0, 0, 0, 0, 0, 0, 0.811366, 6.3193, 13.0487, 18.9692, 26.1472, 34.7043)
(7.7262, 20.5134, 29.2502, 26.2657, 14.2643, 1.92079, 0, 0, 0, 0, 0.0593674, 0, 0, 0, 0, 7.43762, 84.9752, 7.58238, 0.00481601, 0, 0, 0, 0, 0, 0, 0, 0, 0.43371, 5.00583, 12.2095, 19.7323, 27.4963, 35.1224)
(6.19823, 18.9003, 29.096, 26.6108, 16.4621, 2.5699, 0, 0, 0, 0, 0.162642, 0, 0, 0, 0, 16.8954, 72.0343, 10.9946, 0.0757905, 0, 0, 0, 0, 0, 0, 0, 0, 0.365886, 6.42865, 13.4555, 20.1398, 27.5175, 32.0926)
(6.79782, 17.7406, 27.4726, 25.1516, 19.5173, 3.29834, 0, 0, 0, 0, 0.0217797, 0, 0, 0, 0, 8.38341, 83.7488, 7.86683, 0.000972104, 0, 0, 0, 0, 0, 0, 0, 0, 0.881865, 7.51196, 15.9381, 18.3922, 26.9553, 30.3207)
(7.79184, 22.0598, 26.9173, 23.5207, 16.7619, 2.92166, 0, 0, 0, 0, 0.0268488, 0, 0, 0, 0, 9.45613, 79.8237, 10.7187, 0.00145641, 0, 0, 0, 0, 0, 0, 0, 0, 0.790213, 7.1922, 13.2233, 18.1139, 24.5379, 36.1425)
(6.52721, 20.7567, 27.371, 22.9432, 19.3946, 2.97257, 0, 0, 0, 0, 0.0347492, 0, 0, 0, 0, 5.41991, 89.3684, 5.21117, 0.000462346, 0, 0, 0, 0, 0, 0, 0, 0, 0.818094, 8.3989, 14.3092, 17.8151, 24.7454, 33.9133)
(6.85506, 18.0603, 27.7629, 24.977, 19.0319, 3.286, 0, 0, 0, 0, 0.0267367, 0, 0, 0, 0, 6.91467, 86.0445, 7.03962, 0.00116656, 0, 0, 0, 0, 0, 0, 0, 0, 0.774572, 7.66535, 15.7194, 18.8164, 26.4504, 30.5739)
(7.73141, 21.4832, 27.6368, 24.0011, 16.1867, 2.93001, 0, 0, 0, 0, 0.0307204, 0, 0, 0, 0, 8.79222, 81.0953, 10.1107, 0.00179089, 0, 0, 0, 0, 0, 0, 0, 0, 1.01704, 6.309, 13.1657, 18.5933, 25.4448, 35.4701)
(6.6961, 17.9326, 27.4297, 27.2185, 18.1828, 2.50269, 0, 0, 0, 0, 0.037563, 0, 0, 0, 0, 6.3135, 86.8862, 6.79845, 0.00186039, 0, 0, 0, 0, 0, 0, 0, 0, 0.531613, 6.67941, 15.1931, 20.7563, 26.3362, 30.5034)
(7.20301, 19.1464, 26.4421, 25.4677, 18.4979, 3.16434, 0, 0, 0, 0, 0.0785931, 0, 0, 0, 0, 8.27618, 82.6624, 9.06015, 0.00121616, 0, 0, 0, 0, 0, 0, 0, 0, 0.492134, 8.54983, 13.9817, 19.3636, 24.9817, 32.6309)
(6.64632, 17.1007, 24.366, 29.496, 19.5246, 2.80089, 0, 0, 0, 0, 0.0655295, 0, 0, 0, 0, 7.98422, 86.1848, 5.82982, 0.00107124, 0, 0, 0, 0, 0, 0, 0, 0, 0.680552, 6.09325, 17.1253, 23.0012, 24.4768, 28.623)
(7.75902, 21.6755, 28.7567, 25.6974, 14.1547, 1.9204, 0, 0, 0, 0, 0.036266, 0, 0, 0, 0, 11.6686, 79.2475, 9.07697, 0.00685599, 0, 0, 0, 0, 0, 0, 0, 0, 0.345947, 5.0203, 12.1183, 19.3561, 27.0975, 36.0619)
(8.67266, 22.7992, 32.235, 23.326, 11.0184, 1.93915, 0, 0, 0, 0, 0.00972071, 0, 0, 0, 0, 6.36664, 88.8984, 4.7342, 0.000821779, 0, 0, 0, 0, 0, 0, 0, 0, 0.337364, 3.91561, 9.95937, 18.022, 28.9036, 38.862)
(8.47546, 20.9278, 26.8441, 24.4165, 16.8352, 2.45745, 0, 0, 0, 0, 0.0434426, 0, 0, 0, 0, 5.85288, 87.5776, 6.56748, 0.00207222, 0, 0, 0, 0, 0, 0, 0, 0, 0.614273, 6.34037, 13.1554, 18.9648, 25.4264, 35.4987)
(9.31764, 22.3011, 29.4799, 25.0636, 11.9228, 1.83363, 0, 0, 0, 0, 0.0813874, 0, 0, 0, 0, 10.1983, 79.9514, 9.82478, 0.0255297, 0, 0, 0, 0, 0, 0, 0, 0, 0.364111, 4.34175, 10.223, 19.2328, 26.7005, 39.1378)
(6.28298, 17.6505, 26.4076, 28.646, 18.5917, 2.37418, 0, 0, 0, 0, 0.0471242, 0, 0, 0, 0, 7.20483, 87.5484, 5.24362, 0.00319984, 0, 0, 0, 0, 0, 0, 0, 0, 0.657257, 6.10417, 16.0745, 21.8453, 26.2364, 29.0824)
(9.71107, 22.6832, 27.7017, 23.9214, 14.1973, 1.6797, 0, 0, 0, 0, 0.10556, 0, 0, 0, 0, 9.56202, 81.4331, 8.99052, 0.0143491, 0, 0, 0, 0, 0, 0, 0, 0, 0.306866, 5.10293, 11.7122, 18.1703, 25.8778, 38.8298)
(9.18059, 21.784, 26.7462, 24.3501, 15.6886, 2.155, 0, 0, 0, 0, 0.0953908, 0, 0, 0, 0, 8.07462, 84.1746, 7.7483, 0.00248749, 0, 0, 0, 0, 0, 0, 0, 0, 0.377273, 6.21885, 12.4783, 18.9069, 24.8776, 37.141)
(9.93813, 26.147, 28.8327, 22.164, 11.0775, 1.79305, 0, 0, 0, 0, 0.0475802, 0, 0, 0, 0, 8.43352, 81.1268, 10.4349, 0.00471114, 0, 0, 0, 0, 0, 0, 0, 0, 0.312305, 4.67655, 8.68216, 17.3389, 25.4461, 43.544)
(10.501, 26.295, 27.5874, 22.8058, 10.8612, 1.91572, 0, 0, 0, 0, 0.0340025, 0, 0, 0, 0, 10.215, 78.9949, 10.7852, 0.00482621, 0, 0, 0, 0, 0, 0, 0, 0, 0.329398, 4.6147, 8.70366, 17.2961, 24.6705, 44.3856)
(6.49425, 19.288, 29.2288, 26.1428, 16.3211, 2.48358, 0, 0, 0, 0, 0.0415147, 0, 0, 0, 0, 12.8148, 77.8495, 9.29088, 0.044802, 0, 0, 0, 0, 0, 0, 0, 0, 0.426013, 6.26796, 13.5082, 19.9302, 27.5606, 32.307)
(10.3816, 25.8553, 28.2937, 22.9163, 10.4141, 2.09309, 0, 0, 0, 0, 0.0457784, 0, 0, 0, 0, 7.65541, 83.1681, 9.17159, 0.00489966, 0, 0, 0, 0, 0, 0, 0, 0, 0.314645, 4.90414, 8.47141, 17.2303, 25.4378, 43.6418)
(5.65062, 18.2854, 29.5832, 28.115, 16.4446, 1.77424, 0, 0, 0, 0, 0.146915, 0, 0, 0, 0, 8.91166, 84.6161, 6.46329, 0.00895536, 0, 0, 0, 0, 0, 0, 0, 0, 0.385409, 6.02966, 13.3039, 21.7581, 27.1471, 31.3759)
(7.07461, 19.0768, 27.4384, 25.688, 17.9706, 2.70042, 0, 0, 0, 0, 0.051187, 0, 0, 0, 0, 8.94973, 83.9871, 7.04898, 0.0141833, 0, 0, 0, 0, 0, 0, 0, 0, 0.639237, 7.11173, 14.6603, 19.1464, 26.7692, 31.6731)
(8.12678, 23.7947, 31.1596, 22.7616, 12.0665, 1.84608, 0, 0, 0, 0, 0.244722, 0, 0, 0, 0, 16.2872, 64.8682, 18.8382, 0.006387, 0, 0, 0, 0, 0, 0, 0, 0, 0.205857, 4.30853, 10.2109, 17.3801, 25.3427, 42.5519)
(6.50633, 17.3969, 24.0017, 29.5921, 19.4838, 2.94519, 0, 0, 0, 0, 0.0740583, 0, 0, 0, 0, 7.71368, 86.6313, 5.65366, 0.00138187, 0, 0, 0, 0, 0, 0, 0, 0, 0.868035, 5.7338, 17.3961, 22.9004, 24.4385, 28.6631)
(7.7039, 19.7328, 27.1478, 25.8713, 17.2504, 2.24588, 0, 0, 0, 0, 0.0478143, 0, 0, 0, 0, 8.98914, 83.609, 7.38139, 0.0204269, 0, 0, 0, 0, 0, 0, 0, 0, 0.505971, 6.4165, 13.9755, 19.7085, 26.0295, 33.3641)
(8.27943, 22.4029, 30.5564, 24.0728, 12.9475, 1.70554, 0, 0, 0, 0, 0.0353858, 0, 0, 0, 0, 8.61468, 84.0518, 7.3299, 0.00355795, 0, 0, 0, 0, 0, 0, 0, 0, 0.326274, 4.6297, 10.7712, 18.4068, 27.6286, 38.2375)
(8.97999, 21.6962, 31.8798, 23.794, 11.7058, 1.91958, 0, 0, 0, 0, 0.0246919, 0, 0, 0, 0, 10.5947, 80.6172, 8.78662, 0.00157269, 0, 0, 0, 0, 0, 0, 0, 0, 0.32057, 4.27627, 10.3542, 19.2238, 27.2747, 38.5503)
(8.21337, 19.9396, 26.2241, 25.8721, 17.4607, 2.23926, 0, 0, 0, 0, 0.0507903, 0, 0, 0, 0, 7.34552, 85.8531, 6.79332, 0.00808194, 0, 0, 0, 0, 0, 0, 0, 0, 0.602165, 6.47408, 14.3288, 19.7267, 25.1767, 33.6916)
(8.96279, 21.8819, 26.9974, 24.79, 15.2294, 2.06414, 0, 0, 0, 0, 0.0743684, 0, 0, 0, 0, 6.79541, 86.0041, 7.19729, 0.0032558, 0, 0, 0, 0, 0, 0, 0, 0, 0.403868, 5.56167, 12.483, 18.4714, 25.96, 37.1201)
(6.39541, 18.9001, 28.8184, 24.48, 18.6866, 2.71539, 0, 0, 0, 0, 0.00412666, 0, 0, 0, 0, 9.29323, 80.8193, 9.88731, 0.000174359, 0, 0, 0, 0, 0, 0, 0, 0, 0.660056, 8.86416, 13.6065, 18.274, 25.9887, 32.6066)
(6.33457, 17.2726, 27.6367, 28.3486, 17.692, 2.6565, 0, 0, 0, 0, 0.0591343, 0, 0, 0, 0, 6.91688, 87.4339, 5.64809, 0.00111941, 0, 0, 0, 0, 0, 0, 0, 0, 0.609521, 6.41578, 15.7685, 21.179, 26.9169, 29.1104)
(7.49347, 23.5732, 31.9557, 23.0537, 12.1848, 1.55823, 0, 0, 0, 0, 0.180877, 0, 0, 0, 0, 6.07285, 87.139, 6.78415, 0.00400963, 0, 0, 0, 0, 0, 0, 0, 0, 0.338981, 4.07373, 10.4457, 17.7467, 28.9509, 38.4439)
(6.8859, 20.0746, 26.8904, 24.5968, 18.7242, 2.72189, 0, 0, 0, 0, 0.106214, 0, 0, 0, 0, 5.90154, 88.6707, 5.4266, 0.00116133, 0, 0, 0, 0, 0, 0, 0, 0, 0.620204, 7.86643, 14.4598, 18.7219, 25.2306, 33.1011)
(8.45532, 24.0571, 29.9003, 23.0357, 12.5165, 1.87785, 0, 0, 0, 0, 0.157099, 0, 0, 0, 0, 12.9484, 71.8338, 15.2118, 0.00589959, 0, 0, 0, 0, 0, 0, 0, 0, 0.243587, 4.49957, 10.4222, 17.4378, 26.1254, 41.2716)
(9.11909, 21.2223, 32.1045, 23.4638, 12.1367, 1.92209, 0, 0, 0, 0, 0.0315549, 0, 0, 0, 0, 9.37413, 83.3282, 7.29615, 0.00158105, 0, 0, 0, 0, 0, 0, 0, 0, 0.420043, 4.34436, 10.3383, 19.0382, 27.4251, 38.434)
(10.0443, 22.3189, 26.8371, 23.8043, 15.114, 1.80129, 0, 0, 0, 0, 0.0801866, 0, 0, 0, 0, 11.0059, 79.7268, 9.26076, 0.00650838, 0, 0, 0, 0, 0, 0, 0, 0, 0.314819, 5.57799, 12.0829, 18.2491, 24.9117, 38.8635)
(7.25611, 19.7794, 25.0159, 25.5297, 19.2798, 3.06326, 0, 0, 0, 0, 0.0758172, 0, 0, 0, 0, 7.16784, 85.6286, 7.2018, 0.00178114, 0, 0, 0, 0, 0, 0, 0, 0, 0.490097, 8.41513, 14.5956, 19.3036, 24.3072, 32.8883)
(6.5075, 17.7781, 25.0641, 28.662, 19.0984, 2.83924, 0, 0, 0, 0, 0.0507091, 0, 0, 0, 0, 7.34928, 86.8939, 5.75481, 0.00199252, 0, 0, 0, 0, 0, 0, 0, 0, 0.765145, 6.27287, 16.5459, 21.8299, 25.2602, 29.326)
(5.69479, 19.7236, 31.3492, 26.0583, 15.5133, 1.61514, 0, 0, 0, 0, 0.0456009, 0, 0, 0, 0, 7.61979, 86.0029, 6.35769, 0.0196484, 0, 0, 0, 0, 0, 0, 0, 0, 0.506353, 5.60491, 12.2719, 20.6189, 28.7946, 32.2034)
(6.96181, 19.7351, 26.736, 25.2767, 18.4777, 2.67185, 0, 0, 0, 0, 0.14093, 0, 0, 0, 0, 6.07831, 88.6021, 5.31814, 0.00146561, 0, 0, 0, 0, 0, 0, 0, 0, 0.540606, 7.62402, 14.4787, 19.2888, 25.519, 32.549)
(9.11248, 22.6206, 25.6636, 23.3596, 16.8934, 2.31513, 0, 0, 0, 0, 0.0352759, 0, 0, 0, 0, 8.20216, 84.4102, 7.38564, 0.00203868, 0, 0, 0, 0, 0, 0, 0, 0, 0.445046, 6.96172, 13.033, 17.9052, 24.0296, 37.6254)
(7.67511, 20.0131, 27.6104, 25.8472, 16.5958, 2.16797, 0, 0, 0, 0, 0.0904536, 0, 0, 0, 0, 9.1288, 83.3677, 7.48398, 0.0195852, 0, 0, 0, 0, 0, 0, 0, 0, 0.495409, 6.15901, 13.5106, 19.7423, 26.1604, 33.9323)
(6.76472, 19.2045, 28.5202, 26.0673, 16.766, 2.51628, 0, 0, 0, 0, 0.16104, 0, 0, 0, 0, 14.3327, 75.7421, 9.82337, 0.101819, 0, 0, 0, 0, 0, 0, 0, 0, 0.439282, 6.43595, 13.702, 19.7529, 27.0957, 32.5741)
(6.73636, 17.5843, 26.9219, 26.5875, 19.0935, 2.99844, 0, 0, 0, 0, 0.0780402, 0, 0, 0, 0, 4.76666, 91.14, 4.09241, 0.000908673, 0, 0, 0, 0, 0, 0, 0, 0, 0.77056, 8.0242, 15.9233, 18.7356, 26.7182, 29.8283)
(5.81484, 19.6023, 31.1028, 26.2833, 15.5101, 1.63612, 0, 0, 0, 0, 0.0505245, 0, 0, 0, 0, 8.70363, 84.3729, 6.90026, 0.0232029, 0, 0, 0, 0, 0, 0, 0, 0, 0.503714, 5.08708, 12.8392, 20.3298, 28.8126, 32.4276)
(10.0799, 23.9078, 29.0131, 23.0791, 12.1167, 1.72156, 0, 0, 0, 0, 0.0819511, 0, 0, 0, 0, 9.0159, 81.448, 9.53088, 0.00525356, 0, 0, 0, 0, 0, 0, 0, 0, 0.296547, 4.52318, 10.0204, 17.215, 25.5943, 42.3506)
(9.82332, 24.7995, 26.5611, 23.4758, 12.9288, 2.21717, 0, 0, 0, 0, 0.194273, 0, 0, 0, 0, 7.88189, 81.9054, 10.211, 0.00170279, 0, 0, 0, 0, 0, 0, 0, 0, 0.116425, 4.96645, 10.4155, 17.7283, 26.3233, 40.4499)
(6.83173, 20.7214, 27.165, 23.0189, 19.3446, 2.86884, 0, 0, 0, 0, 0.0496314, 0, 0, 0, 0, 4.63974, 90.7474, 4.61237, 0.000517287, 0, 0, 0, 0, 0, 0, 0, 0, 0.871025, 8.24741, 14.3712, 17.9176, 24.7702, 33.8225)
(10.0391, 23.3428, 27.9607, 23.5313, 13.7112, 1.36603, 0, 0, 0, 0, 0.0489636, 0, 0, 0, 0, 6.69336, 86.2882, 7.01511, 0.0033091, 0, 0, 0, 0, 0, 0, 0, 0, 0.32694, 4.4844, 11.2458, 17.9194, 26.7473, 39.2762)
(8.70349, 22.9363, 25.481, 23.2378, 17.1516, 2.40844, 0, 0, 0, 0, 0.0813292, 0, 0, 0, 0, 8.60914, 83.4453, 7.94374, 0.00186104, 0, 0, 0, 0, 0, 0, 0, 0, 0.442124, 7.2514, 13.3157, 17.6087, 23.7933, 37.5889)
(6.79733, 20.6048, 27.1597, 23.4616, 18.986, 2.95685, 0, 0, 0, 0, 0.0335865, 0, 0, 0, 0, 5.11301, 89.7838, 5.10252, 0.000688684, 0, 0, 0, 0, 0, 0, 0, 0, 0.79287, 8.11287, 14.3751, 18.0974, 24.887, 33.7347)
(6.16048, 18.97, 27.4943, 28.6489, 16.7709, 1.80135, 0, 0, 0, 0, 0.154037, 0, 0, 0, 0, 7.11371, 86.9605, 5.92218, 0.00367563, 0, 0, 0, 0, 0, 0, 0, 0, 0.389219, 5.5299, 14.717, 21.2499, 27.1837, 30.9303)
(6.4436, 18.1448, 27.3934, 27.0335, 18.3543, 2.59672, 0, 0, 0, 0, 0.0337034, 0, 0, 0, 0, 8.75907, 84.2982, 6.93515, 0.00758843, 0, 0, 0, 0, 0, 0, 0, 0, 0.549386, 7.13651, 15.0391, 20.2674, 26.6856, 30.3221)
(8.36449, 20.874, 26.7424, 24.3877, 17.3034, 2.22505, 0, 0, 0, 0, 0.102971, 0, 0, 0, 0, 4.80357, 89.7938, 5.40105, 0.00163968, 0, 0, 0, 0, 0, 0, 0, 0, 0.535476, 6.56604, 13.1736, 18.9303, 25.58, 35.2146)
(6.91113, 21.9425, 29.9704, 26.3524, 13.2922, 1.4998, 0, 0, 0, 0, 0.0316029, 0, 0, 0, 0, 8.89286, 82.8262, 8.27764, 0.0032863, 0, 0, 0, 0, 0, 0, 0, 0, 0.333769, 4.56095, 10.8703, 19.9847, 27.9997, 36.2505)
(8.54613, 21.8757, 27.7554, 25.5189, 14.1918, 1.95543, 0, 0, 0, 0, 0.156728, 0, 0, 0, 0, 7.47456, 85.3055, 7.21545, 0.00448921, 0, 0, 0, 0, 0, 0, 0, 0, 0.38763, 5.14779, 11.914, 19.2421, 26.642, 36.6665)
(6.36543, 17.4607, 26.5375, 27.9893, 19.5835, 2.02513, 0, 0, 0, 0, 0.0383429, 0, 0, 0, 0, 6.91347, 86.9663, 6.11687, 0.00328134, 0, 0, 0, 0, 0, 0, 0, 0, 0.453754, 8.08071, 14.9543, 20.8172, 26.1796, 29.5144)
(9.76965, 20.6026, 25.3705, 26.1893, 16.1676, 1.86458, 0, 0, 0, 0, 0.0357254, 0, 0, 0, 0, 6.57696, 86.6659, 6.75302, 0.00407289, 0, 0, 0, 0, 0, 0, 0, 0, 0.415424, 5.9485, 13.1105, 20.395, 24.1694, 35.9611)
(9.03968, 20.5539, 25.0465, 25.7102, 17.3402, 2.26196, 0, 0, 0, 0, 0.0474558, 0, 0, 0, 0, 6.9572, 86.4401, 6.5986, 0.004015, 0, 0, 0, 0, 0, 0, 0, 0, 0.562907, 6.59641, 13.9317, 19.8429, 24.0882, 34.9778)
(7.87979, 20.5106, 26.4971, 24.2467, 18.2567, 2.53404, 0, 0, 0, 0, 0.0750889, 0, 0, 0, 0, 7.21508, 86.4134, 6.37033, 0.00113617, 0, 0, 0, 0, 0, 0, 0, 0, 0.559087, 7.51347, 14.0455, 18.6947, 24.3402, 34.8471)
(6.57816, 16.9417, 27.8368, 28.8703, 17.281, 2.46712, 0, 0, 0, 0, 0.0250819, 0, 0, 0, 0, 5.84018, 88.2825, 5.87602, 0.00127703, 0, 0, 0, 0, 0, 0, 0, 0, 0.514236, 6.15684, 15.5105, 21.9484, 26.6003, 29.2697)
(7.5604, 19.8472, 28.6707, 23.8057, 16.5562, 3.54867, 0, 0, 0, 0, 0.0111864, 0, 0, 0, 0, 8.49067, 81.9712, 9.53756, 0.000624379, 0, 0, 0, 0, 0, 0, 0, 0, 1.55253, 6.23374, 14.7903, 17.6276, 24.8036, 34.9923)
(7.01339, 19.1263, 26.4833, 25.4631, 18.6953, 3.16647, 0, 0, 0, 0, 0.0520946, 0, 0, 0, 0, 9.38397, 81.0683, 9.54644, 0.00130534, 0, 0, 0, 0, 0, 0, 0, 0, 0.469922, 8.32797, 14.1025, 19.3439, 25.3716, 32.3841)
(12.1596, 25.2878, 28.4481, 20.0065, 13.3493, 0.743122, 0, 0, 0, 0, 0.00549697, 0, 0, 0, 0, 31.5345, 40.3454, 27.4945, 0.625578, 0, 0, 0, 0, 0, 0, 0, 0, 0.335029, 3.12425, 10.0814, 15.8843, 23.9136, 46.6613)
(6.35315, 18.7507, 27.3345, 28.8867, 16.665, 1.95574, 0, 0, 0, 0, 0.0542739, 0, 0, 0, 0, 7.39734, 86.4797, 6.1187, 0.00428232, 0, 0, 0, 0, 0, 0, 0, 0, 0.380165, 5.55101, 14.8141, 21.3885, 26.8314, 31.0348)
(7.95281, 20.6851, 29.0297, 26.1286, 14.1472, 1.99035, 0, 0, 0, 0, 0.0662894, 0, 0, 0, 0, 7.1297, 85.7633, 7.10189, 0.00509603, 0, 0, 0, 0, 0, 0, 0, 0, 0.460811, 5.14807, 11.9779, 19.8415, 27.2833, 35.2883)
(8.86587, 21.7271, 28.0467, 25.6788, 13.8339, 1.74148, 0, 0, 0, 0, 0.106185, 0, 0, 0, 0, 8.60044, 83.3109, 8.08339, 0.00532138, 0, 0, 0, 0, 0, 0, 0, 0, 0.356444, 5.08518, 11.4278, 19.0022, 27.3227, 36.8057)
(7.49166, 20.5348, 28.5114, 23.4896, 16.6777, 3.28429, 0, 0, 0, 0, 0.0105764, 0, 0, 0, 0, 10.7023, 74.1351, 15.1621, 0.000577829, 0, 0, 0, 0, 0, 0, 0, 0, 1.59115, 6.26497, 13.9525, 18.4717, 24.5508, 35.169)
(7.17111, 19.974, 28.9492, 24.8571, 16.4018, 2.61224, 0, 0, 0, 0, 0.0345535, 0, 0, 0, 0, 5.91642, 86.7145, 7.36788, 0.00118292, 0, 0, 0, 0, 0, 0, 0, 0, 0.804487, 5.89363, 13.929, 18.837, 26.7695, 33.7663)
(6.48857, 17.6939, 28.2495, 28.5456, 16.6067, 2.38999, 0, 0, 0, 0, 0.025785, 0, 0, 0, 0, 6.02817, 88.633, 5.33753, 0.0013994, 0, 0, 0, 0, 0, 0, 0, 0, 0.505118, 5.94695, 14.8077, 21.8459, 26.8264, 30.0679)
(6.82423, 19.5729, 27.3581, 23.8422, 19.4286, 2.94573, 0, 0, 0, 0, 0.0282301, 0, 0, 0, 0, 6.75363, 87.7194, 5.52619, 0.000883624, 0, 0, 0, 0, 0, 0, 0, 0, 0.437247, 8.65696, 14.7112, 17.7569, 25.8132, 32.6246)
(9.63539, 20.6004, 25.7038, 25.3234, 16.4768, 2.20391, 0, 0, 0, 0, 0.0562361, 0, 0, 0, 0, 6.55176, 86.7803, 6.66487, 0.00302528, 0, 0, 0, 0, 0, 0, 0, 0, 0.462768, 6.10712, 13.2464, 20.0642, 24.0857, 36.0338)
(8.15359, 21.5749, 26.2724, 23.6305, 17.8383, 2.47959, 0, 0, 0, 0, 0.0506993, 0, 0, 0, 0, 7.71137, 85.2119, 7.07497, 0.00174427, 0, 0, 0, 0, 0, 0, 0, 0, 0.461343, 7.53586, 13.7925, 17.9507, 24.3885, 35.871)
(6.17797, 18.8153, 28.7465, 26.7272, 16.7886, 2.65903, 0, 0, 0, 0, 0.085392, 0, 0, 0, 0, 13.6772, 76.5655, 9.68728, 0.0700274, 0, 0, 0, 0, 0, 0, 0, 0, 0.415733, 6.55501, 13.8215, 20.2873, 27.5474, 31.3731)
(6.62447, 18.9481, 30.005, 27.7106, 14.8676, 1.78999, 0, 0, 0, 0, 0.054268, 0, 0, 0, 0, 13.1109, 73.0995, 13.7842, 0.00532763, 0, 0, 0, 0, 0, 0, 0, 0, 0.446624, 4.94696, 12.4404, 21.1537, 27.7288, 33.2836)
(9.77447, 24.7213, 28.847, 22.7712, 12.0165, 1.7707, 0, 0, 0, 0, 0.0989062, 0, 0, 0, 0, 8.57557, 82.0224, 9.39477, 0.00730463, 0, 0, 0, 0, 0, 0, 0, 0, 0.283816, 4.5665, 9.98778, 17.0166, 25.6458, 42.4994)
(8.3948, 22.5506, 26.0014, 23.3183, 17.206, 2.49125, 0, 0, 0, 0, 0.0377789, 0, 0, 0, 0, 9.40303, 81.4205, 9.17463, 0.00181531, 0, 0, 0, 0, 0, 0, 0, 0, 0.534494, 7.30833, 13.1664, 17.7259, 24.1869, 37.078)
(5.70178, 16.1183, 34.6874, 30.7, 11.4457, 1.34571, 0, 0, 0, 0, 0.000993065, 0, 0, 0, 0, 27.0791, 40.9183, 32.0026, 0.00013664, 0, 0, 0, 0, 0, 0, 0, 0, 0.662202, 3.05322, 9.42937, 24.6673, 29.7329, 32.455)
(10.235, 23.9765, 27.8089, 23.0608, 13.2086, 1.66413, 0, 0, 0, 0, 0.0460744, 0, 0, 0, 0, 6.93839, 86.2425, 6.81215, 0.00697303, 0, 0, 0, 0, 0, 0, 0, 0, 0.334051, 4.58168, 10.8828, 17.543, 26.0025, 40.6559)
(9.85336, 21.6656, 28.4168, 25.1015, 13.3254, 1.59479, 0, 0, 0, 0, 0.0426005, 0, 0, 0, 0, 8.26244, 84.6007, 7.13266, 0.00424283, 0, 0, 0, 0, 0, 0, 0, 0, 0.353927, 4.63374, 11.028, 18.8872, 26.3103, 38.7868)
(7.52736, 25.5801, 30.0865, 22.9659, 12.1236, 1.55313, 0, 0, 0, 0, 0.163448, 0, 0, 0, 0, 8.58127, 79.4076, 12.0064, 0.00478644, 0, 0, 0, 0, 0, 0, 0, 0, 0.332316, 4.17546, 10.4943, 16.5596, 27.2332, 41.2051)
(6.33113, 17.2662, 26.7736, 27.8042, 19.5132, 2.2676, 0, 0, 0, 0, 0.0440187, 0, 0, 0, 0, 7.81197, 86.5605, 5.62407, 0.00348157, 0, 0, 0, 0, 0, 0, 0, 0, 0.448788, 7.43597, 15.941, 21.3171, 24.7158, 30.1413)
(6.59475, 17.0148, 27.0012, 27.579, 19.1056, 2.67878, 0, 0, 0, 0, 0.0259595, 0, 0, 0, 0, 5.26272, 88.5722, 6.16393, 0.00118542, 0, 0, 0, 0, 0, 0, 0, 0, 0.549137, 6.66988, 16.1552, 21.2939, 26.23, 29.1019)
(6.41946, 16.938, 27.5091, 29.1732, 17.254, 2.68144, 0, 0, 0, 0, 0.0247756, 0, 0, 0, 0, 5.75369, 88.4481, 5.79705, 0.00118646, 0, 0, 0, 0, 0, 0, 0, 0, 0.475324, 6.43929, 15.4554, 21.8828, 26.6857, 29.0615)
(6.61141, 18.358, 27.256, 26.7255, 18.2966, 2.69816, 0, 0, 0, 0, 0.0543531, 0, 0, 0, 0, 6.642, 87.6171, 5.7394, 0.00150552, 0, 0, 0, 0, 0, 0, 0, 0, 0.59514, 7.20551, 15.2509, 19.8653, 26.6143, 30.4688)
(6.80964, 19.1863, 26.0782, 26.7006, 18.5218, 2.56594, 0, 0, 0, 0, 0.137525, 0, 0, 0, 0, 5.33706, 89.5839, 5.07781, 0.00121259, 0, 0, 0, 0, 0, 0, 0, 0, 0.533465, 7.28915, 14.9805, 20.4484, 25.3847, 31.3638)
(9.68797, 22.5074, 28.1898, 24.396, 13.3839, 1.76034, 0, 0, 0, 0, 0.0745067, 0, 0, 0, 0, 8.59631, 82.9643, 8.43427, 0.00510248, 0, 0, 0, 0, 0, 0, 0, 0, 0.360517, 4.82127, 11.0268, 18.3151, 26.1879, 39.2883)
(8.65039, 22.797, 32.2313, 23.3502, 11.0248, 1.93672, 0, 0, 0, 0, 0.00961759, 0, 0, 0, 0, 4.12103, 92.1377, 3.74038, 0.000821155, 0, 0, 0, 0, 0, 0, 0, 0, 0.33668, 3.66598, 9.71407, 18.2861, 28.656, 39.3411)
(10.2859, 22.3071, 26.4245, 23.6147, 15.4371, 1.87687, 0, 0, 0, 0, 0.053784, 0, 0, 0, 0, 10.0564, 81.2502, 8.68961, 0.00383808, 0, 0, 0, 0, 0, 0, 0, 0, 0.349562, 5.60002, 12.483, 18.1338, 23.8903, 39.5433)
(7.55822, 21.8991, 27.1209, 23.6759, 16.4138, 3.3136, 0, 0, 0, 0, 0.0185195, 0, 0, 0, 0, 9.62509, 77.864, 12.5099, 0.00100708, 0, 0, 0, 0, 0, 0, 0, 0, 1.04781, 7.01976, 13.8793, 17.8095, 24.0162, 36.2274)
(6.67311, 17.8997, 26.3057, 27.8702, 18.5087, 2.68482, 0, 0, 0, 0, 0.0576541, 0, 0, 0, 0, 7.086, 87.0847, 5.82743, 0.00189633, 0, 0, 0, 0, 0, 0, 0, 0, 0.633783, 6.63586, 15.7835, 21.2497, 25.704, 29.9931)
(6.94231, 18.6562, 27.3928, 26.4058, 17.8602, 2.69528, 0, 0, 0, 0, 0.0473239, 0, 0, 0, 0, 7.03745, 85.3343, 7.62614, 0.00216472, 0, 0, 0, 0, 0, 0, 0, 0, 0.545456, 6.67264, 14.9384, 19.9596, 26.364, 31.52)
(6.68641, 18.4989, 26.3156, 26.8103, 18.8629, 2.7833, 0, 0, 0, 0, 0.0426641, 0, 0, 0, 0, 7.3671, 86.1839, 6.4451, 0.00393705, 0, 0, 0, 0, 0, 0, 0, 0, 0.513476, 7.63497, 15.126, 20.2472, 25.5364, 30.942)
(6.88621, 19.1335, 25.669, 26.1102, 19.0735, 3.0831, 0, 0, 0, 0, 0.0444947, 0, 0, 0, 0, 8.73237, 82.8641, 8.40107, 0.0025036, 0, 0, 0, 0, 0, 0, 0, 0, 0.532493, 8.19843, 14.5631, 19.5141, 24.9338, 32.2581)
(9.66983, 20.6606, 25.4467, 25.9533, 16.3125, 1.91945, 0, 0, 0, 0, 0.0375715, 0, 0, 0, 0, 6.29332, 87.3572, 6.34588, 0.00353328, 0, 0, 0, 0, 0, 0, 0, 0, 0.482813, 5.96125, 13.5849, 20.0786, 24.0342, 35.8583)
(7.82314, 21.8619, 29.5403, 25.0263, 13.7506, 1.92566, 0, 0, 0, 0, 0.0720902, 0, 0, 0, 0, 6.97806, 85.288, 7.7297, 0.00432811, 0, 0, 0, 0, 0, 0, 0, 0, 0.346066, 5.14259, 11.382, 19.163, 27.0739, 36.8924)
(6.3969, 17.501, 24.7323, 29.1281, 19.3948, 2.79338, 0, 0, 0, 0, 0.0536848, 0, 0, 0, 0, 7.38945, 87.0668, 5.5421, 0.00157944, 0, 0, 0, 0, 0, 0, 0, 0, 0.795193, 6.16515, 17.0088, 22.6486, 24.5186, 28.8637)
(6.71555, 19.672, 24.5739, 26.5468, 19.4615, 3.00102, 0, 0, 0, 0, 0.0292124, 0, 0, 0, 0, 7.32388, 85.7573, 6.9174, 0.00138949, 0, 0, 0, 0, 0, 0, 0, 0, 0.576231, 8.95517, 14.3313, 19.4809, 23.9859, 32.6705)
(8.88, 20.9475, 24.351, 25.4691, 17.714, 2.55949, 0, 0, 0, 0, 0.0788606, 0, 0, 0, 0, 5.84127, 88.1743, 5.98237, 0.00207301, 0, 0, 0, 0, 0, 0, 0, 0, 0.602482, 6.73804, 14.1354, 19.515, 23.5938, 35.4152)
(5.89569, 16.0467, 28.9444, 29.3382, 16.7455, 3.0211, 0, 0, 0, 0, 0.00844636, 0, 0, 0, 0, 6.27035, 89.1297, 4.59959, 0.0003567, 0, 0, 0, 0, 0, 0, 0, 0, 0.627835, 5.45097, 16.4435, 21.9309, 27.4671, 28.0797)
(10.6229, 22.2902, 26.2024, 23.2792, 15.7417, 1.81018, 0, 0, 0, 0, 0.053341, 0, 0, 0, 0, 11.3958, 79.8729, 8.72717, 0.00407191, 0, 0, 0, 0, 0, 0, 0, 0, 0.271835, 5.82279, 12.3891, 17.9737, 24.3998, 39.1428)
(6.54984, 18.447, 27.9666, 26.1931, 17.905, 2.88918, 0, 0, 0, 0, 0.0492895, 0, 0, 0, 0, 10.2431, 82.0329, 7.70969, 0.0142288, 0, 0, 0, 0, 0, 0, 0, 0, 0.619076, 7.04139, 14.8103, 19.5585, 27.4079, 30.5628)
(11.3946, 23.573, 29.3882, 22.4292, 11.6846, 1.44878, 0, 0, 0, 0, 0.0815639, 0, 0, 0, 0, 7.40199, 84.0882, 8.50808, 0.00175541, 0, 0, 0, 0, 0, 0, 0, 0, 0.130169, 4.24656, 9.82813, 16.0953, 23.6931, 46.0067)
(7.79268, 20.8868, 26.5484, 24.0344, 18.0746, 2.61049, 0, 0, 0, 0, 0.0526992, 0, 0, 0, 0, 7.1066, 86.2759, 6.61613, 0.00136641, 0, 0, 0, 0, 0, 0, 0, 0, 0.501428, 7.66598, 14.0962, 17.9991, 24.6321, 35.1052)
(8.7231, 22.0659, 29.627, 25.3365, 12.3048, 1.87253, 0, 0, 0, 0, 0.0701815, 0, 0, 0, 0, 8.66858, 82.7179, 8.60029, 0.0131649, 0, 0, 0, 0, 0, 0, 0, 0, 0.402817, 4.47687, 10.5371, 19.3142, 27.1817, 38.0873)
(6.70946, 17.9796, 26.8934, 26.8785, 18.7488, 2.67468, 0, 0, 0, 0, 0.115505, 0, 0, 0, 0, 5.40857, 90.0577, 4.53231, 0.00142741, 0, 0, 0, 0, 0, 0, 0, 0, 0.677809, 7.58296, 15.3627, 19.8128, 26.2294, 30.3344)
(10.6805, 23.2381, 29.3189, 23.1366, 11.9401, 1.63134, 0, 0, 0, 0, 0.0544863, 0, 0, 0, 0, 11.0393, 78.2446, 10.7128, 0.00333035, 0, 0, 0, 0, 0, 0, 0, 0, 0.263531, 4.11565, 10.1306, 16.8193, 24.5132, 44.1577)
(10.0739, 22.4376, 26.2576, 24.1638, 14.9879, 1.99705, 0, 0, 0, 0, 0.0821432, 0, 0, 0, 0, 9.24958, 81.3209, 9.42564, 0.00389941, 0, 0, 0, 0, 0, 0, 0, 0, 0.36211, 5.89376, 11.906, 18.9075, 23.8091, 39.1215)
(11.025, 25.75, 27.3259, 22.6829, 11.2654, 1.91443, 0, 0, 0, 0, 0.0363032, 0, 0, 0, 0, 7.13752, 84.0843, 8.77226, 0.00590096, 0, 0, 0, 0, 0, 0, 0, 0, 0.328168, 4.25832, 9.11575, 17.6535, 25.1428, 43.5016)
(9.9121, 22.2933, 26.273, 24.334, 15.0115, 2.01376, 0, 0, 0, 0, 0.162271, 0, 0, 0, 0, 10.2354, 78.7472, 11.0145, 0.00280816, 0, 0, 0, 0, 0, 0, 0, 0, 0.346146, 5.90405, 11.8858, 18.9386, 24.1833, 38.7421)
(6.44896, 17.013, 27.3287, 27.2891, 19.3058, 2.58326, 0, 0, 0, 0, 0.0312642, 0, 0, 0, 0, 6.26097, 86.5756, 7.16217, 0.00126894, 0, 0, 0, 0, 0, 0, 0, 0, 0.57525, 6.58891, 16.3952, 21.2309, 26.1185, 29.0913)
(6.65566, 17.6623, 27.9045, 28.4163, 16.8117, 2.51759, 0, 0, 0, 0, 0.0320053, 0, 0, 0, 0, 6.11409, 87.5486, 6.33568, 0.00170649, 0, 0, 0, 0, 0, 0, 0, 0, 0.502929, 6.12049, 14.8932, 21.5421, 26.5905, 30.3508)
(7.14118, 19.7818, 25.3975, 25.6413, 18.8897, 3.05588, 0, 0, 0, 0, 0.0927681, 0, 0, 0, 0, 8.76393, 82.504, 8.73037, 0.00168082, 0, 0, 0, 0, 0, 0, 0, 0, 0.547992, 8.25998, 14.3402, 19.4718, 24.3465, 33.0335)
(9.24357, 21.355, 31.8481, 23.6017, 12.0205, 1.9017, 0, 0, 0, 0, 0.029347, 0, 0, 0, 0, 10.817, 80.3838, 8.79749, 0.00175144, 0, 0, 0, 0, 0, 0, 0, 0, 0.401615, 4.35213, 10.3303, 19.091, 27.6022, 38.2228)
(6.3938, 17.8265, 24.2822, 30.1886, 19.2728, 1.71921, 0, 0, 0, 0, 0.316811, 0, 0, 0, 0, 3.89337, 93.2019, 2.90453, 0.000218813, 0, 0, 0, 0, 0, 0, 0, 0, 0.346522, 4.82477, 17.4968, 23.2034, 25.1496, 28.9789)
(5.8265, 15.5574, 29.4481, 29.0615, 16.8551, 3.24561, 0, 0, 0, 0, 0.00576193, 0, 0, 0, 0, 5.96489, 89.693, 4.34184, 0.000242918, 0, 0, 0, 0, 0, 0, 0, 0, 0.639843, 5.18427, 16.7448, 21.7408, 27.8617, 27.8286)
(6.59186, 16.8099, 27.556, 28.8123, 17.5719, 2.6271, 0, 0, 0, 0, 0.0309926, 0, 0, 0, 0, 6.48884, 87.7484, 5.76143, 0.00129038, 0, 0, 0, 0, 0, 0, 0, 0, 0.605533, 6.26068, 15.7487, 21.7794, 26.6144, 28.9913)
(6.14109, 18.6175, 28.4179, 27.423, 16.8388, 2.48752, 0, 0, 0, 0, 0.0742387, 0, 0, 0, 0, 12.6166, 78.215, 9.14723, 0.0211116, 0, 0, 0, 0, 0, 0, 0, 0, 0.421848, 6.42041, 13.8694, 20.7969, 27.4409, 31.0506)
(6.40974, 18.0899, 25.5438, 27.7733, 19.372, 2.7773, 0, 0, 0, 0, 0.0339053, 0, 0, 0, 0, 6.02784, 88.4964, 5.47379, 0.00197234, 0, 0, 0, 0, 0, 0, 0, 0, 0.502691, 7.98961, 15.3466, 20.9581, 25.3418, 29.8613)
(6.84814, 19.829, 27.3578, 24.2346, 18.7273, 2.97777, 0, 0, 0, 0, 0.0252861, 0, 0, 0, 0, 7.13059, 86.6741, 6.19432, 0.000933676, 0, 0, 0, 0, 0, 0, 0, 0, 0.548156, 8.53362, 14.3278, 18.1503, 25.8815, 32.5587)
(6.8954, 18.8243, 26.5334, 25.6245, 18.8804, 3.19104, 0, 0, 0, 0, 0.0510459, 0, 0, 0, 0, 7.8345, 84.5632, 7.60044, 0.00189338, 0, 0, 0, 0, 0, 0, 0, 0, 0.638575, 7.89661, 15.167, 19.2939, 25.4324, 31.5715)
(6.38226, 19.7404, 29.0588, 24.4238, 17.0643, 3.32948, 0, 0, 0, 0, 0.000915562, 0, 0, 0, 0, 6.4195, 89.7304, 3.85005, 4.84134e-05, 0, 0, 0, 0, 0, 0, 0, 0, 1.32461, 6.69823, 14.6973, 19.051, 25.746, 32.4829)
(8.30874, 22.5224, 26.7034, 23.9185, 16.1262, 2.36434, 0, 0, 0, 0, 0.0563116, 0, 0, 0, 0, 7.97655, 84.0516, 7.9694, 0.00239607, 0, 0, 0, 0, 0, 0, 0, 0, 0.511134, 6.36676, 12.2636, 18.7997, 25.203, 36.8557)
(9.40889, 20.9136, 24.4969, 25.4997, 17.3755, 2.23055, 0, 0, 0, 0, 0.0748533, 0, 0, 0, 0, 6.44366, 87.1987, 6.35531, 0.00230273, 0, 0, 0, 0, 0, 0, 0, 0, 0.523578, 6.42881, 13.9567, 19.783, 23.6426, 35.6653)
(9.65473, 23.3088, 27.9273, 23.6937, 13.5987, 1.73907, 0, 0, 0, 0, 0.0776991, 0, 0, 0, 0, 10.3578, 79.732, 9.8761, 0.0340485, 0, 0, 0, 0, 0, 0, 0, 0, 0.331648, 4.91084, 11.2571, 17.9569, 25.8253, 39.7182)
(10.3685, 23.9028, 29.1746, 22.6518, 12.2299, 1.6376, 0, 0, 0, 0, 0.0348036, 0, 0, 0, 0, 7.37594, 85.3295, 7.29101, 0.00355212, 0, 0, 0, 0, 0, 0, 0, 0, 0.316524, 4.40977, 10.1682, 16.7018, 27.3579, 41.0457)
(6.90012, 19.4549, 28.9801, 26.2448, 16.2734, 2.08409, 0, 0, 0, 0, 0.0624405, 0, 0, 0, 0, 6.73551, 84.3227, 8.94025, 0.00157, 0, 0, 0, 0, 0, 0, 0, 0, 0.421504, 5.87821, 13.3337, 19.5986, 27.5643, 33.2037)
(6.24554, 17.5863, 26.892, 28.7229, 18.3794, 2.12408, 0, 0, 0, 0, 0.0497557, 0, 0, 0, 0, 7.2522, 87.2926, 5.45182, 0.00343107, 0, 0, 0, 0, 0, 0, 0, 0, 0.498257, 6.08566, 15.8822, 21.8501, 26.5789, 29.105)
(9.54415, 20.8569, 25.2062, 25.5188, 16.7855, 2.04134, 0, 0, 0, 0, 0.0471571, 0, 0, 0, 0, 6.30449, 87.3284, 6.36427, 0.00293269, 0, 0, 0, 0, 0, 0, 0, 0, 0.47591, 6.3435, 13.3546, 20.07, 23.9587, 35.7973)
(6.48131, 20.1868, 30.3146, 26.7299, 14.4669, 1.78161, 0, 0, 0, 0, 0.0388568, 0, 0, 0, 0, 12.5798, 75.3573, 12.0548, 0.00806685, 0, 0, 0, 0, 0, 0, 0, 0, 0.354639, 4.86548, 12.2425, 19.9353, 28.3424, 34.2597)
(6.39382, 17.5164, 23.9714, 30.813, 18.9602, 1.7176, 0, 0, 0, 0, 0.627666, 0, 0, 0, 0, 3.89463, 92.8896, 3.21556, 0.000220457, 0, 0, 0, 0, 0, 0, 0, 0, 0.345943, 4.82078, 17.4976, 23.2049, 25.1504, 28.9803)
(7.85655, 20.203, 24.9277, 25.706, 18.768, 2.49253, 0, 0, 0, 0, 0.0462963, 0, 0, 0, 0, 7.53976, 85.2331, 7.22438, 0.00279196, 0, 0, 0, 0, 0, 0, 0, 0, 0.55377, 7.95977, 14.029, 19.6128, 24.1821, 33.6626)
(7.35627, 21.6869, 29.1876, 24.9432, 14.8287, 1.79981, 0, 0, 0, 0, 0.197604, 0, 0, 0, 0, 5.51548, 87.368, 7.11501, 0.00147448, 0, 0, 0, 0, 0, 0, 0, 0, 0.397282, 5.57311, 11.8052, 18.9867, 27.0225, 36.2151)
(9.21064, 21.4601, 30.4934, 27.366, 9.24312, 2.20145, 0, 0, 0, 0, 0.0252112, 0, 0, 0, 0, 4.95806, 90.8957, 4.14332, 0.00289693, 0, 0, 0, 0, 0, 0, 0, 0, 0.573435, 3.68102, 8.82965, 20.842, 28.6197, 37.4542)
(8.3158, 19.9237, 26.0466, 25.8574, 17.6168, 2.1947, 0, 0, 0, 0, 0.0448665, 0, 0, 0, 0, 7.06008, 86.5419, 6.39115, 0.0069314, 0, 0, 0, 0, 0, 0, 0, 0, 0.556194, 6.69836, 14.0078, 19.8734, 25.0291, 33.8351)
(10.0975, 24.4584, 27.5332, 23.0025, 13.1093, 1.6756, 0, 0, 0, 0, 0.12348, 0, 0, 0, 0, 10.5528, 78.8597, 10.5787, 0.00878573, 0, 0, 0, 0, 0, 0, 0, 0, 0.322274, 4.66718, 10.9167, 17.5346, 25.9137, 40.6455)
(9.83101, 22.3352, 26.162, 24.0934, 15.3808, 2.12518, 0, 0, 0, 0, 0.0724037, 0, 0, 0, 0, 8.43703, 83.6634, 7.89656, 0.00298162, 0, 0, 0, 0, 0, 0, 0, 0, 0.405305, 6.05915, 12.2376, 18.8361, 23.9499, 38.5119)
(8.48609, 22.8261, 25.4628, 23.216, 17.5026, 2.46261, 0, 0, 0, 0, 0.0438857, 0, 0, 0, 0, 8.25015, 83.874, 7.87413, 0.00168821, 0, 0, 0, 0, 0, 0, 0, 0, 0.464677, 7.41629, 13.4212, 17.6739, 23.9547, 37.0692)
(7.01851, 22.1259, 30.0255, 26.1469, 13.2237, 1.42798, 0, 0, 0, 0, 0.0314961, 0, 0, 0, 0, 8.22584, 84.1964, 7.57455, 0.00317806, 0, 0, 0, 0, 0, 0, 0, 0, 0.342352, 4.34392, 11.0578, 19.8669, 28.4502, 35.9388)
(6.57975, 16.877, 23.1427, 30.3452, 19.7252, 3.13154, 0, 0, 0, 0, 0.198543, 0, 0, 0, 0, 6.95833, 87.8824, 5.15875, 0.000626755, 0, 0, 0, 0, 0, 0, 0, 0, 1.1077, 5.4826, 17.9705, 23.5541, 23.289, 28.5961)
(8.45228, 20.4865, 25.063, 25.5161, 18.1814, 2.25867, 0, 0, 0, 0, 0.0421111, 0, 0, 0, 0, 6.83803, 86.713, 6.44538, 0.0035487, 0, 0, 0, 0, 0, 0, 0, 0, 0.537031, 7.34052, 14.0743, 19.9297, 23.8477, 34.2707)
(6.25192, 17.8834, 28.3011, 26.7195, 17.7091, 3.09421, 0, 0, 0, 0, 0.0407466, 0, 0, 0, 0, 13.8663, 76.6926, 9.43293, 0.00817534, 0, 0, 0, 0, 0, 0, 0, 0, 0.444863, 7.01461, 14.4631, 20.1149, 28.0757, 29.8868)
(7.33092, 19.9827, 28.7781, 24.8999, 16.2943, 2.67904, 0, 0, 0, 0, 0.0350114, 0, 0, 0, 0, 5.96657, 86.9301, 7.10208, 0.0012053, 0, 0, 0, 0, 0, 0, 0, 0, 0.734745, 6.46591, 13.478, 18.8111, 26.317, 34.1932)
(8.0531, 20.3753, 27.974, 25.9847, 15.6035, 1.88811, 0, 0, 0, 0, 0.121291, 0, 0, 0, 0, 9.71106, 81.9425, 8.34413, 0.00229079, 0, 0, 0, 0, 0, 0, 0, 0, 0.238981, 5.40532, 12.8531, 19.4324, 26.7839, 35.2863)
(8.63787, 21.6266, 27.9743, 24.932, 14.8092, 1.91884, 0, 0, 0, 0, 0.101299, 0, 0, 0, 0, 8.64106, 83.2832, 8.07244, 0.00322704, 0, 0, 0, 0, 0, 0, 0, 0, 0.300989, 5.49672, 12.0909, 19.0836, 26.3004, 36.7274)
(10.6397, 23.6043, 26.6716, 23.6222, 13.4326, 1.93805, 0, 0, 0, 0, 0.091566, 0, 0, 0, 0, 7.26991, 83.6203, 9.10772, 0.00205366, 0, 0, 0, 0, 0, 0, 0, 0, 0.155536, 4.9478, 11.2507, 17.7597, 25.7197, 40.1666)
(6.76728, 18.55, 26.7677, 26.565, 18.6077, 2.69233, 0, 0, 0, 0, 0.0500623, 0, 0, 0, 0, 8.6393, 84.1582, 7.19635, 0.00618978, 0, 0, 0, 0, 0, 0, 0, 0, 0.584627, 7.41981, 14.9533, 19.9409, 25.9645, 31.1369)
(5.81149, 16.2897, 28.2334, 29.8776, 16.68, 3.10292, 0, 0, 0, 0, 0.00486761, 0, 0, 0, 0, 6.97503, 88.3094, 4.71525, 0.000213694, 0, 0, 0, 0, 0, 0, 0, 0, 0.641957, 5.31091, 16.6208, 22.1419, 27.3088, 27.9757)
(6.59051, 18.117, 26.7666, 26.7033, 18.7155, 3.03657, 0, 0, 0, 0, 0.0706064, 0, 0, 0, 0, 6.49028, 87.2282, 6.27954, 0.00204309, 0, 0, 0, 0, 0, 0, 0, 0, 0.547399, 7.57874, 15.3473, 20.4735, 25.6267, 30.4262)
(6.57858, 18.0398, 25.6551, 27.7275, 19.0317, 2.93626, 0, 0, 0, 0, 0.0310538, 0, 0, 0, 0, 6.18055, 87.9393, 5.87815, 0.0020461, 0, 0, 0, 0, 0, 0, 0, 0, 0.502693, 8.0824, 14.7835, 21.2968, 25.2998, 30.0348)
(5.70151, 16.4463, 34.3594, 30.7, 11.446, 1.34582, 0, 0, 0, 0, 0.000999816, 0, 0, 0, 0, 25.4401, 45.1805, 29.3793, 0.000139024, 0, 0, 0, 0, 0, 0, 0, 0, 0.662218, 3.05343, 10.0852, 24.0117, 30.3886, 31.7989)
(6.81032, 18.4051, 26.6488, 25.7697, 19.0413, 3.28483, 0, 0, 0, 0, 0.0399806, 0, 0, 0, 0, 8.31594, 83.8401, 7.84202, 0.00194993, 0, 0, 0, 0, 0, 0, 0, 0, 0.678932, 7.55151, 15.4961, 19.3178, 25.8495, 31.1062)
(6.35337, 17.2787, 28.1327, 28.9571, 16.765, 2.49065, 0, 0, 0, 0, 0.0226028, 0, 0, 0, 0, 6.25758, 88.2128, 5.52844, 0.00118871, 0, 0, 0, 0, 0, 0, 0, 0, 0.520434, 5.89445, 14.9076, 21.9672, 26.8996, 29.8107)
(6.22574, 18.1188, 27.7415, 28.3915, 17.2391, 2.22736, 0, 0, 0, 0, 0.0559488, 0, 0, 0, 0, 8.89296, 84.1558, 6.94231, 0.00889469, 0, 0, 0, 0, 0, 0, 0, 0, 0.392823, 6.1226, 14.6274, 21.4579, 27.0871, 30.3122)
(7.66489, 20.1626, 24.7839, 25.7989, 18.7377, 2.76005, 0, 0, 0, 0, 0.0918529, 0, 0, 0, 0, 5.57068, 88.3544, 6.07368, 0.00123951, 0, 0, 0, 0, 0, 0, 0, 0, 0.784616, 8.29068, 13.9188, 19.836, 23.3644, 33.8055)
(10.362, 21.0237, 26.3373, 25.5676, 14.9616, 1.69001, 0, 0, 0, 0, 0.0578513, 0, 0, 0, 0, 6.35461, 86.1642, 7.4775, 0.00368002, 0, 0, 0, 0, 0, 0, 0, 0, 0.447872, 5.14331, 12.1694, 19.8865, 24.6334, 37.7196)
(6.61901, 17.3349, 24.9987, 28.812, 19.273, 2.91488, 0, 0, 0, 0, 0.0475206, 0, 0, 0, 0, 7.43799, 86.4395, 6.12123, 0.00127573, 0, 0, 0, 0, 0, 0, 0, 0, 0.804905, 6.19103, 16.9535, 22.4549, 24.4423, 29.1533)
(6.12409, 16.4927, 31.98, 30.7672, 13.121, 1.50837, 0, 0, 0, 0, 0.00668678, 0, 0, 0, 0, 5.29714, 87.9966, 6.70587, 0.000408361, 0, 0, 0, 0, 0, 0, 0, 0, 0.676495, 4.15283, 12.0715, 24.3993, 28.6406, 30.0593)
(9.93722, 23.2691, 27.5624, 23.602, 13.8102, 1.7373, 0, 0, 0, 0, 0.0817822, 0, 0, 0, 0, 8.71569, 82.6903, 8.5821, 0.0118826, 0, 0, 0, 0, 0, 0, 0, 0, 0.341784, 4.9751, 11.2772, 18.0914, 25.5624, 39.7521)
(6.68179, 19.0355, 27.6574, 25.8838, 17.942, 2.76217, 0, 0, 0, 0, 0.037249, 0, 0, 0, 0, 7.01985, 86.6794, 6.29915, 0.00153841, 0, 0, 0, 0, 0, 0, 0, 0, 0.656079, 7.21917, 14.7673, 19.3081, 26.4331, 31.6162)
(7.70251, 21.9099, 26.7418, 23.5123, 17.2283, 2.87872, 0, 0, 0, 0, 0.0265205, 0, 0, 0, 0, 9.46561, 79.1677, 11.3653, 0.00133009, 0, 0, 0, 0, 0, 0, 0, 0, 0.729481, 7.58144, 13.318, 17.9399, 24.2538, 36.1774)
(7.05273, 19.7533, 29.3156, 26.5669, 15.1375, 2.11587, 0, 0, 0, 0, 0.0580766, 0, 0, 0, 0, 6.2465, 85.4846, 8.26692, 0.00196784, 0, 0, 0, 0, 0, 0, 0, 0, 0.389395, 5.56726, 13.0608, 19.8175, 27.6625, 33.5026)
