(4.43695, 6.69893, 9.67217, 8.7326, 24.286, 18.2251, 4.1124, 4.07024, 3.21239, 7.4385, 9.11472, 12.2794, 6.24578, 5.05647, 5.44912, 6.85732, 21.8883, 11.4306, 5.66722, 4.7065, 6.34134, 14.078, 7.00742, 5.61767, 2.61881, 4.06189, 2.32931, 10.6805, 5.0542, 10.1206, 10.7248, 14.009, 27.7758)
(5.03976, 8.92707, 6.51025, 8.62565, 27.209, 14.6134, 4.72703, 3.04104, 3.78832, 6.86075, 10.6576, 29.2792, 9.91641, 4.46651, 5.30098, 4.51078, 13.0996, 6.94324, 4.97403, 4.0223, 5.14776, 12.3393, 2.55862, 3.43263, 3.33387, 3.79721, 3.28886, 5.09364, 19.1974, 9.78746, 10.9676, 16.0605, 22.482)
(3.41938, 4.18108, 6.72481, 8.47211, 36.2738, 15.9336, 2.89042, 2.72938, 2.82462, 6.88798, 9.66289, 11.5587, 4.66579, 3.71599, 3.73907, 6.59062, 24.5108, 16.0037, 6.50533, 4.63354, 5.31502, 12.7615, 3.94505, 2.07917, 1.76126, 1.6079, 1.44773, 5.89367, 7.55372, 10.4809, 12.8075, 15.1847, 37.2385)
(6.54956, 7.68474, 25.4364, 7.68531, 13.0306, 12.4118, 5.24798, 4.52872, 2.56732, 6.10037, 8.7571, 20.05, 8.01298, 5.34299, 14.3476, 8.45616, 11.8335, 7.16832, 5.45859, 3.40092, 4.44616, 11.4828, 6.20003, 16.7019, 3.9018, 2.66446, 1.51875, 3.92267, 5.17866, 12.6325, 16.1522, 11.2907, 19.8363)
(5.85119, 12.0131, 7.48555, 7.58483, 18.2489, 15.2258, 5.51354, 5.56134, 3.24385, 8.18342, 11.0885, 12.2301, 5.20065, 5.5693, 5.23997, 6.23588, 17.0995, 10.979, 6.00972, 4.87073, 7.39565, 19.1695, 8.04993, 8.03458, 3.9384, 4.90901, 3.19088, 7.17871, 6.58399, 9.50974, 11.8166, 12.9054, 23.8828)
(4.73443, 7.15765, 18.4137, 7.88157, 17.3125, 13.8399, 5.28331, 5.20406, 2.88105, 7.43328, 9.85857, 17.7702, 6.89605, 4.8338, 6.96493, 6.56492, 14.6695, 14.1643, 5.6252, 4.32436, 6.14295, 12.0438, 15.0978, 5.67082, 4.20288, 4.03589, 1.9297, 5.46262, 4.61636, 11.5211, 13.3705, 12.3816, 21.7108)
(4.51071, 6.40903, 7.59073, 8.6897, 24.1858, 20.0061, 4.23811, 4.20683, 3.01767, 8.06979, 9.07545, 11.0623, 4.77712, 5.04644, 5.59882, 6.57985, 23.6784, 11.8212, 5.4324, 4.5059, 6.18845, 15.3092, 7.7834, 5.70022, 2.73126, 3.15078, 2.90551, 12.2268, 5.57713, 9.96486, 9.70345, 12.6145, 27.6421)
(4.61249, 5.26481, 6.46678, 10.6289, 29.551, 15.2175, 3.58009, 3.61225, 3.20901, 8.155, 9.70216, 12.0732, 5.58576, 4.69818, 4.57551, 6.51129, 17.759, 12.0349, 6.54533, 5.18517, 7.61192, 17.4197, 3.12298, 2.46052, 2.00664, 1.58054, 1.6111, 5.49022, 7.05285, 9.41152, 12.767, 17.7933, 36.7034)
(14.7203, 5.58244, 4.68061, 6.09763, 16.5477, 15.4349, 7.93309, 6.52923, 4.20397, 7.77309, 10.497, 9.65967, 4.7643, 4.27239, 5.27237, 4.98001, 16.7198, 8.5097, 5.70301, 5.02282, 7.7674, 27.3285, 4.47976, 4.90636, 3.2626, 4.20567, 12.8579, 8.97421, 5.2048, 7.60416, 9.72197, 13.7639, 25.0186)
(4.44643, 6.71153, 10.2413, 8.00071, 20.8319, 17.0471, 5.5873, 6.35535, 2.98013, 8.06642, 9.73178, 12.5725, 5.80064, 5.96139, 5.36579, 6.64972, 20.2915, 11.8162, 5.88589, 4.79612, 6.55094, 14.3094, 12.4209, 5.29489, 3.18254, 3.43969, 2.37572, 8.45028, 5.02759, 9.78488, 11.556, 12.7626, 25.7049)
(4.73021, 5.41595, 6.78559, 10.9377, 26.2782, 16.0391, 3.60667, 3.74915, 3.42095, 9.11968, 9.91681, 13.2325, 5.82592, 4.75214, 5.07275, 6.27286, 18.3376, 10.8592, 6.10796, 4.95038, 7.09176, 17.4969, 3.73953, 3.06878, 2.33996, 1.85611, 3.43151, 7.17167, 5.71743, 9.47482, 12.0788, 17.5083, 33.613)
(4.0928, 4.61503, 5.70235, 9.64182, 38.6889, 14.4955, 2.53702, 2.70191, 3.05096, 5.34614, 9.12766, 10.6782, 5.07444, 3.57996, 3.68664, 7.05662, 16.2781, 11.2575, 8.67451, 7.53205, 9.74037, 16.4416, 1.79249, 1.04135, 0.981546, 0.788669, 1.12363, 4.13957, 6.61854, 9.7497, 15.4424, 15.1964, 43.1256)
(5.35827, 8.39947, 6.6129, 8.31573, 25.9584, 15.6667, 4.77785, 3.36961, 3.627, 7.44998, 10.4641, 24.6454, 8.63269, 4.55222, 5.27484, 4.95444, 15.2813, 8.17057, 4.86924, 4.17614, 5.58502, 13.858, 3.47676, 3.87706, 3.25594, 3.90299, 3.4979, 6.79777, 15.5174, 9.75301, 10.9036, 15.1908, 23.8267)
(9.05273, 5.26446, 6.39828, 9.54294, 23.3098, 15.3612, 3.59736, 4.34516, 4.66851, 7.87725, 10.5823, 16.7429, 6.32426, 6.41717, 5.07519, 6.88003, 17.7716, 9.92728, 6.0318, 4.86209, 6.45928, 13.5084, 3.69255, 3.08261, 2.1096, 2.08206, 2.48684, 6.33922, 7.91508, 11.8759, 12.5919, 16.7983, 31.026)
(5.67293, 9.70088, 7.52712, 7.98874, 20.3259, 17.0456, 5.08354, 5.15207, 3.01385, 8.1212, 10.3682, 12.1244, 5.27004, 5.26665, 5.02689, 6.15958, 19.6714, 11.4704, 5.67462, 4.50286, 6.51911, 18.3141, 7.71025, 6.52594, 3.72767, 4.39798, 3.40319, 9.02108, 5.95843, 9.43516, 11.1416, 13, 25.6788)
(6.04141, 5.25933, 6.66635, 11.2718, 13.9973, 11.2082, 3.6284, 2.90359, 2.74931, 18.4195, 17.8548, 8.64237, 4.64018, 3.79183, 4.51907, 5.87476, 13.5088, 9.24024, 7.28205, 17.0449, 7.45852, 17.9973, 2.30964, 3.59322, 3.45271, 3.66931, 2.0975, 4.53982, 5.90927, 9.95406, 11.6793, 28.6584, 24.1367)
(4.65991, 5.64809, 6.17148, 9.27414, 23.3773, 17.5072, 4.18185, 4.03656, 4.06654, 8.98663, 12.0903, 11.2845, 5.39136, 4.9941, 5.11948, 6.37998, 20.7238, 10.5975, 6.36648, 6.40455, 6.4625, 16.2757, 5.03983, 4.32303, 3.45666, 3.39878, 2.74641, 10.2639, 6.00025, 11.4381, 11.2613, 13.2914, 28.7802)
(4.41606, 4.59934, 5.49745, 12.482, 30.9062, 14.8223, 2.86294, 2.70324, 6.47069, 6.16258, 9.07722, 11.2614, 5.92494, 5.50083, 4.78424, 6.94425, 23.7914, 9.65956, 6.88277, 4.77175, 7.8538, 12.6252, 2.3331, 1.6012, 1.18922, 1.08584, 1.17921, 4.66529, 6.94917, 10.2923, 12.848, 15.7887, 42.068)
(5.3802, 10.0278, 6.8288, 7.82454, 21.4939, 16.4796, 4.91497, 5.03898, 3.08092, 8.20012, 10.7303, 11.3026, 4.98013, 4.98262, 4.95113, 6.28519, 19.5169, 11.6991, 6.30426, 4.61799, 6.8887, 18.4713, 7.3955, 6.62358, 3.00327, 4.01061, 3.01956, 8.08763, 6.41363, 9.7583, 11.6626, 13.241, 26.7843)
(3.78896, 5.42128, 6.4336, 8.5323, 25.7843, 23.0636, 3.60684, 3.60803, 2.97118, 8.37847, 8.41154, 9.16925, 4.49265, 4.59788, 5.46859, 7.58072, 25.5508, 13.1481, 5.30855, 4.59138, 5.91789, 14.1741, 6.83049, 4.95371, 2.7941, 2.66751, 2.59658, 13.5559, 6.73035, 10.3084, 8.95889, 12.4181, 28.1861)
(4.0268, 5.42159, 6.63762, 9.10602, 25.5438, 20.9993, 3.91346, 3.96027, 3.37183, 8.036, 8.98335, 9.55382, 4.85321, 4.67023, 8.29972, 7.7273, 22.3607, 11.5245, 5.41907, 4.76662, 6.36217, 14.4626, 6.21201, 4.9098, 3.0551, 3.1583, 3.17991, 11.6465, 5.07455, 12.4408, 9.6603, 13.6672, 26.9956)
(4.46461, 5.67559, 6.2665, 8.24429, 23.376, 17.0773, 4.09421, 3.95137, 4.2145, 9.70037, 12.9352, 12.1986, 5.65544, 5.18655, 5.50516, 6.54709, 20.4545, 11.3782, 5.97747, 6.23555, 6.26466, 14.5968, 5.15987, 4.49708, 3.38823, 3.39483, 2.63493, 9.67462, 6.451, 11.8748, 11.3168, 13.7585, 27.8493)
(4.22985, 5.066, 6.09069, 9.97842, 33.4498, 16.6266, 2.99875, 3.0205, 3.06626, 6.5789, 8.89435, 11.4733, 5.00121, 4.05408, 4.31799, 7.00641, 19.1106, 14.1614, 7.41001, 5.25993, 7.08011, 15.125, 3.01085, 2.07633, 2.14353, 1.35503, 1.666, 5.18443, 7.39252, 9.73632, 13.085, 15.8071, 38.5429)
(4.19408, 5.13056, 6.18533, 8.50824, 26.6215, 19.8151, 3.73767, 3.68563, 3.03505, 8.93577, 10.151, 9.83177, 4.63388, 4.91171, 5.3618, 6.55905, 25.922, 12.4079, 5.733, 5.03219, 5.97079, 13.6358, 6.00769, 4.60746, 2.74945, 2.96138, 2.43165, 13.3239, 4.78641, 10.4216, 9.80613, 14.4775, 28.4268)
(3.70633, 5.37481, 6.45868, 7.89324, 27.4325, 23.7247, 3.43648, 3.2999, 2.59356, 7.73541, 8.34439, 9.02508, 4.232, 5.04594, 4.73642, 5.57105, 29.5215, 12.6856, 4.98775, 4.46014, 5.62506, 14.1094, 7.15118, 4.90063, 2.2, 2.66312, 2.24965, 17.6193, 4.39682, 9.25238, 8.00429, 12.0575, 29.5051)
(6.34373, 6.57946, 7.85109, 11.7918, 21.5551, 14.5137, 4.05618, 3.01991, 2.96165, 8.92245, 12.405, 8.68467, 5.78295, 5.1449, 4.94195, 6.10451, 15.6791, 8.83365, 5.54016, 6.13612, 8.45535, 24.6966, 3.34623, 2.86938, 3.03772, 3.17181, 2.37992, 5.90826, 7.53843, 13.428, 12.928, 21.0979, 24.2944)
(4.0335, 3.70317, 2.82646, 6.58906, 8.98601, 8.41121, 3.7952, 2.53537, 5.35411, 30.7783, 22.9877, 7.49941, 4.04152, 3.35596, 5.9733, 7.68433, 37.5883, 10.3947, 4.5577, 6.22764, 3.01433, 9.6629, 1.3241, 1.94543, 4.07748, 3.13449, 1.43708, 2.44052, 4.21635, 11.0723, 6.8071, 16.1519, 47.3933)
(4.24902, 5.36897, 6.75315, 9.05059, 26.2306, 16.5566, 4.19135, 4.33875, 3.25354, 9.27392, 10.7335, 10.2924, 5.14084, 5.57802, 5.97567, 8.72902, 21.0808, 11.6466, 5.86167, 5.00624, 6.43798, 14.2508, 5.43831, 4.82769, 3.54534, 3.34594, 2.64004, 9.50288, 4.99967, 12.6619, 11.3303, 14.8795, 26.8284)
(5.4868, 7.30434, 19.4579, 8.16261, 17.2992, 14.2711, 4.78511, 4.44602, 2.62992, 6.9654, 9.19159, 17.305, 7.39012, 5.2556, 7.70883, 10.4581, 14.8557, 9.67927, 5.49997, 4.20453, 5.57362, 12.0693, 8.36383, 11.0597, 3.6893, 3.17274, 1.7905, 5.53394, 4.71391, 11.5698, 14.5193, 12.4987, 23.0884)
(3.42385, 5.30294, 6.32381, 7.81894, 27.3903, 25.1508, 3.29521, 3.05869, 2.35258, 7.71205, 8.1708, 8.6201, 3.78381, 4.69127, 4.18437, 5.30527, 31.0981, 12.9244, 4.92678, 4.23894, 5.45561, 14.7713, 7.37479, 4.90476, 1.95085, 2.10316, 2.28618, 18.8061, 4.29753, 8.64942, 7.78014, 10.8855, 30.9616)
(2.92416, 4.85557, 5.95453, 8.73484, 25.955, 27.2494, 3.12776, 3.07491, 3.15871, 8.58816, 6.37696, 7.87709, 3.07789, 4.12848, 5.38998, 15.8737, 24.7332, 11.0071, 5.09335, 4.05267, 5.32322, 13.4433, 7.56874, 5.185, 2.11921, 1.88834, 2.11971, 12.9525, 12.1054, 8.84874, 7.7625, 11.489, 27.9608)
(4.34569, 4.34359, 5.98478, 9.10211, 36.1502, 15.5849, 2.73477, 2.65931, 4.63901, 5.91623, 8.53939, 11.1657, 4.95017, 4.54615, 4.1898, 8.84355, 25.1483, 9.94944, 7.31953, 5.21275, 5.63297, 13.0416, 1.87435, 1.19156, 1.03253, 0.899384, 1.07119, 4.57236, 8.50421, 11.0223, 11.5917, 15.0326, 43.2077)
(5.07322, 4.85509, 5.30328, 8.59111, 19.0075, 14.7398, 3.87253, 3.38691, 3.51627, 16.0713, 15.5831, 9.9397, 5.18013, 6.16038, 6.07726, 10.0859, 21.7991, 10.3542, 5.29537, 5.17497, 5.72149, 14.2116, 3.9236, 3.1116, 3.47438, 2.7679, 2.08797, 7.31196, 4.64281, 10.2232, 11.1451, 18.1767, 33.1348)
(4.08981, 5.20553, 6.10076, 8.57076, 25.7654, 19.6343, 3.74531, 3.75926, 3.1406, 9.26595, 10.7223, 9.80628, 4.76625, 5.28195, 5.81701, 7.02916, 24.181, 12.0417, 5.91221, 5.25486, 5.92464, 13.985, 5.8531, 4.57986, 3.02144, 2.98169, 2.49157, 12.3306, 5.33396, 11.206, 9.81565, 13.6771, 28.709)
(6.83836, 11.2206, 6.38417, 7.30667, 15.1935, 14.7749, 13.2275, 4.33732, 3.50748, 7.33937, 9.87011, 23.3261, 5.75338, 4.55192, 4.67975, 5.86398, 14.9596, 8.66822, 4.79094, 3.92393, 5.31949, 18.1628, 4.18122, 5.68072, 3.62754, 13.9348, 4.2549, 6.59008, 5.9177, 8.44789, 12.2736, 14.6365, 20.455)
(6.43887, 4.97194, 6.07352, 9.48081, 21.274, 14.4689, 3.88862, 4.15185, 3.42784, 10.5399, 15.2836, 11.5428, 7.49629, 7.05238, 5.76509, 7.0546, 17.1172, 9.4315, 5.6664, 4.74113, 6.79041, 17.3421, 3.7431, 3.37144, 3.22966, 2.49778, 1.93237, 6.59669, 4.77312, 11.4156, 11.99, 20.0263, 30.424)
(5.05624, 5.12121, 5.84821, 9.67046, 21.489, 16.1289, 3.73105, 3.74127, 3.25939, 11.5893, 14.365, 10.8969, 5.56518, 7.0486, 5.80221, 8.04543, 21.3195, 10.4982, 5.90883, 4.72877, 6.02741, 14.1589, 4.46017, 3.69285, 3.26526, 2.6829, 2.14254, 9.03672, 4.6952, 9.78007, 11.1099, 17.2993, 31.8351)
(4.15255, 5.15684, 5.2868, 10.6622, 39.1428, 13.4627, 2.71621, 2.59645, 2.66939, 6.24913, 7.90479, 10.3194, 4.90872, 3.19858, 3.74408, 7.15319, 17.3236, 14.6133, 11.6845, 4.83661, 7.96579, 14.2521, 1.69637, 1.12621, 0.895925, 0.856936, 0.919534, 2.84046, 8.13225, 10.3454, 14.1105, 14.8571, 44.2192)
(5.02387, 5.10931, 4.49493, 9.56049, 40.0528, 13.7352, 3.09704, 4.37332, 2.32252, 3.75033, 8.48015, 10.8355, 15.9208, 5.92251, 6.72666, 7.46571, 17.8014, 9.34325, 5.80748, 3.95033, 5.41666, 10.8097, 1.06513, 1.24071, 0.783245, 0.713072, 0.552936, 4.01479, 8.37212, 9.11011, 14.7319, 14.5784, 44.8375)
(4.01848, 4.54837, 5.54415, 9.7164, 40.5429, 14.4419, 2.25266, 2.31482, 2.27444, 6.18307, 8.16278, 11.0912, 4.06483, 2.56971, 3.73625, 7.7434, 17.1508, 18.6648, 8.00065, 5.18938, 7.25487, 14.5341, 1.48261, 0.803234, 0.851483, 0.641593, 0.913131, 3.03164, 9.48238, 9.47997, 14.6302, 14.9574, 43.7263)
(3.31845, 4.81902, 6.4391, 8.47097, 42.3987, 15.1902, 2.17285, 2.00317, 1.65018, 5.14089, 8.39653, 11.2744, 3.22924, 2.77639, 3.22679, 7.43015, 17.3162, 10.7383, 21.5447, 5.26763, 4.18963, 13.0066, 1.18176, 0.433439, 0.454442, 0.35637, 0.695272, 2.42893, 8.8624, 14.6757, 12.5398, 13.198, 45.1739)
(4.05697, 4.60073, 5.44516, 11.5504, 40.1932, 12.9727, 2.80009, 2.8179, 2.61006, 5.17235, 7.78051, 8.45846, 6.4917, 3.51472, 3.06984, 6.38533, 11.9781, 14.4097, 9.02316, 4.38618, 18.4312, 13.8517, 1.12147, 0.677169, 0.503295, 0.593156, 0.462676, 1.71089, 6.76936, 10.0743, 16.6869, 14.5069, 46.8939)
(3.85693, 5.76459, 5.59918, 9.83151, 39.8087, 12.4188, 1.8664, 3.49749, 2.29668, 7.50275, 7.55704, 9.31399, 4.98918, 2.82276, 4.67012, 10.1674, 17.405, 10.8574, 19.217, 2.74343, 6.13685, 11.6769, 2.10198, 1.84218, 1.67476, 2.06432, 1.165, 2.78773, 10.7933, 7.55977, 10.9794, 18.7782, 40.2535)
(3.36601, 3.84452, 5.57278, 9.03546, 15.5804, 15.2813, 26.3566, 2.27213, 2.99059, 6.74913, 8.95112, 15.5455, 8.26717, 7.0067, 5.51706, 5.114, 11.9891, 8.24574, 5.10179, 3.2441, 21.658, 8.31089, 20.1733, 3.73992, 3.59428, 5.40876, 3.19236, 2.78989, 4.60321, 8.80619, 17.92, 15.1388, 14.6333)
(6.76258, 3.56189, 2.75048, 9.9589, 52.9371, 7.67325, 2.29752, 1.15395, 1.40977, 3.36463, 8.12985, 8.52064, 4.8316, 3.91774, 2.72858, 4.95732, 18.3396, 29.2607, 8.42463, 4.2713, 7.08503, 7.66284, 0.330076, 0.911862, 2.0078, 0.14159, 0.118566, 0.441758, 0.797108, 8.52044, 22.1933, 14.1884, 50.3493)
(5.31449, 4.67756, 5.36382, 8.05886, 46.282, 14.0885, 2.34495, 2.02214, 1.04919, 2.09529, 8.7033, 10.7068, 5.00638, 2.05082, 2.38094, 8.98265, 9.64046, 8.75064, 8.6993, 27.4912, 6.08921, 10.2016, 0.69738, 0.0259832, 0.348795, 0.0205452, 1.00454, 4.66125, 4.42717, 7.1417, 19.9048, 14.0603, 47.7076)
(5.78687, 6.85447, 14.9039, 7.95538, 18.7097, 14.021, 6.78809, 4.46805, 3.11397, 7.24225, 10.1563, 14.4846, 6.69302, 5.25474, 7.41159, 8.42915, 15.8278, 9.79638, 5.68777, 4.37362, 6.22942, 15.8119, 7.73186, 10.6998, 3.80091, 2.994, 1.93695, 6.18366, 5.53995, 11.0688, 13.5063, 12.7847, 23.7531)
(4.76706, 5.95089, 17.2754, 6.44155, 16.5584, 12.5484, 4.9769, 5.33297, 3.53725, 11.2287, 11.3824, 12.4249, 6.59975, 7.81959, 6.73108, 9.45324, 18.5453, 9.00219, 5.90307, 4.75288, 6.16738, 12.6006, 16.2583, 5.20144, 3.14516, 4.00571, 1.85482, 4.961, 4.2951, 9.73965, 10.3767, 12.7476, 27.4146)
(3.08825, 4.26706, 5.59017, 8.40709, 43.826, 14.1358, 2.09913, 2.8689, 1.78019, 3.85947, 10.078, 9.4749, 5.85029, 2.85038, 2.82487, 6.2912, 11.7637, 8.36448, 9.35016, 6.97581, 14.7202, 21.534, 1.02717, 0.347216, 0.371832, 0.281364, 0.581785, 4.48242, 4.84459, 8.63342, 18.7439, 14.6195, 46.067)
(4.87394, 3.24931, 9.15015, 6.19126, 11.1521, 11.3018, 11.8009, 20.6434, 4.74736, 7.41263, 9.47716, 10.8287, 5.21245, 5.75194, 4.95369, 7.63703, 26.7179, 8.3313, 8.35373, 3.52754, 8.09978, 10.5859, 30.143, 10.6463, 4.18005, 5.00659, 2.19273, 2.29441, 2.39248, 9.32442, 9.74559, 9.12385, 14.9507)
(2.44868, 3.02223, 5.08953, 8.65061, 43.0737, 14.0099, 1.77734, 1.88705, 2.37014, 7.37282, 10.298, 11.2704, 4.32511, 2.49555, 2.67521, 6.74794, 20.6807, 25.1319, 6.97023, 4.4418, 3.81061, 11.4506, 1.79463, 0.829033, 1.30864, 0.924769, 0.949351, 3.8455, 7.9239, 10.7412, 14.5678, 17.3505, 39.7647)
(4.95638, 8.27898, 6.93607, 8.08973, 25.2081, 16.5008, 4.78996, 4.76835, 2.98586, 7.48589, 9.99981, 11.6463, 4.97598, 4.62163, 4.76944, 7.10139, 19.0868, 14.1892, 7.19164, 4.2245, 7.12272, 15.0703, 8.24196, 4.12634, 2.7332, 2.84515, 2.10787, 6.07153, 6.73852, 9.98415, 12.668, 14.5862, 29.8971)
(4.78831, 5.30118, 19.9141, 5.70525, 14.1417, 11.0182, 4.91714, 5.55593, 3.80168, 12.8531, 12.0035, 11.9423, 6.69413, 10.1123, 7.19789, 7.08802, 19.3045, 9.54419, 5.99555, 4.71126, 6.06732, 11.3424, 19.5743, 4.44518, 3.14489, 4.03354, 1.65268, 3.60743, 3.68981, 9.47847, 9.8073, 12.5438, 28.0226)
(5.07357, 6.18288, 19.5597, 5.70786, 14.6306, 10.9348, 4.69085, 5.03612, 3.21899, 12.922, 12.0425, 12.5457, 6.80858, 17.2129, 5.25885, 9.00196, 12.6277, 8.74771, 5.95394, 4.28708, 6.03478, 11.5208, 18.2398, 4.48828, 2.99947, 4.16577, 1.74422, 3.87686, 4.50445, 9.18035, 9.79636, 12.7888, 28.2156)
(4.18823, 5.92552, 12.1389, 7.92399, 18.7033, 15.2374, 7.30965, 8.22786, 2.99948, 7.53984, 9.80591, 15.1816, 6.43445, 5.74888, 5.27082, 6.82886, 17.3808, 12.4101, 6.10266, 5.08757, 7.03365, 12.5206, 16.1405, 4.59087, 3.31434, 4.02754, 2.22163, 5.48516, 4.77333, 10.2448, 13.3894, 13.1196, 22.6927)
(3.45865, 4.35872, 5.6386, 9.02723, 41.7624, 14.7024, 2.23579, 2.79785, 2.03689, 4.3886, 9.59284, 10.0055, 5.32245, 2.99447, 2.93934, 6.69374, 13.17, 10.482, 9.36682, 6.66173, 13.4434, 18.9206, 1.23006, 0.54663, 0.518767, 0.572837, 0.599963, 4.0359, 6.0278, 8.87644, 17.3899, 14.856, 45.3458)
(3.71927, 4.8279, 6.90909, 8.50172, 27.7249, 17.0905, 7.39451, 4.51139, 3.01092, 7.06412, 9.24567, 12.8781, 5.46929, 4.55084, 4.63026, 6.74028, 18.5277, 15.6116, 5.79731, 4.05415, 9.13523, 12.6053, 9.06312, 3.0032, 2.36446, 2.76841, 1.90461, 5.45658, 6.47691, 9.33576, 14.0619, 15.6653, 29.9)
(4.19389, 5.00103, 6.31306, 8.93619, 33.4019, 16.8143, 3.37472, 3.22269, 2.86955, 6.9751, 8.89762, 11.5901, 4.5015, 3.73845, 4.30572, 7.49622, 20.03, 16.7686, 7.32828, 4.39496, 6.24053, 13.6057, 4.30238, 2.28608, 1.92383, 1.66332, 1.54488, 5.3751, 7.54421, 9.31947, 13.0515, 16.1268, 36.8623)
(6.16387, 5.74695, 22.1288, 4.66637, 12.9243, 8.60781, 4.62503, 5.00961, 5.42441, 10.559, 14.1438, 12.1699, 6.41536, 6.95257, 4.54833, 5.66387, 9.84271, 7.31828, 6.59745, 21.6099, 7.84034, 11.0414, 22.8588, 4.82076, 3.24934, 4.22358, 1.64485, 2.31902, 2.46569, 11.0445, 11.0717, 14.0825, 22.2194)
(4.34817, 4.18182, 6.12252, 8.12929, 39.2032, 16.3376, 2.29169, 2.65198, 2.78984, 5.68532, 8.25849, 11.1121, 4.21407, 3.89298, 4.27096, 8.40777, 28.8602, 10.0434, 7.25797, 4.59522, 5.31246, 12.0329, 1.62318, 0.936963, 0.778683, 0.817232, 0.875008, 4.1473, 11.5344, 10.6613, 11.2711, 14.1407, 43.214)
(3.73104, 3.77844, 5.87805, 8.1685, 40.3099, 15.4482, 2.23934, 2.32558, 2.81965, 6.0282, 9.27316, 10.6311, 5.1825, 3.46519, 4.144, 7.15047, 29.8733, 11.2866, 6.43248, 5.2232, 4.78087, 11.8302, 1.76456, 1.21276, 1.10807, 1.05627, 1.33172, 4.67853, 10.6884, 9.87823, 12.2095, 14.9645, 41.1076)
(4.98005, 4.0484, 6.9397, 5.05831, 43.8754, 17.0466, 2.43843, 2.67845, 1.76233, 4.6643, 6.5081, 11.0563, 2.20929, 3.44303, 4.0272, 8.2716, 41.8735, 6.09061, 6.88453, 2.19519, 3.7882, 10.1605, 0.725592, 0.391201, 0.0666086, 0.0750958, 0.660941, 5.16632, 11.3583, 15.0583, 6.9764, 10.607, 48.9141)
(8.71365, 21.4332, 5.94622, 4.48039, 12.4237, 11.5253, 4.89038, 6.51881, 2.33288, 7.72636, 14.0091, 9.64769, 3.78946, 5.17044, 5.45972, 5.73446, 14.5528, 18.5311, 6.11251, 3.69236, 6.15599, 21.1536, 14.246, 8.01529, 4.12147, 4.41914, 3.25828, 3.28041, 7.23959, 14.2012, 12.732, 10.7317, 17.7549)
(4.29954, 4.29323, 5.60124, 8.8389, 39.4255, 14.9344, 2.60943, 2.87286, 2.95542, 5.05487, 9.11455, 10.5137, 6.87731, 5.59867, 4.61225, 7.44647, 26.6858, 10.2516, 6.69927, 4.50665, 5.28272, 11.5255, 1.74576, 1.38248, 1.11694, 1.19756, 1.00627, 4.03518, 9.55223, 10.3621, 12.6805, 14.8377, 42.0833)
(8.2173, 20.4055, 5.95108, 5.06005, 13.726, 11.8597, 4.82628, 5.98018, 2.38518, 7.9575, 13.6312, 9.67345, 4.00458, 5.10477, 5.34625, 5.6912, 16.9977, 15.9159, 6.12711, 4.01025, 6.47056, 20.6583, 17.0481, 4.06741, 3.88887, 4.81494, 3.12756, 3.7552, 7.46005, 13.1513, 12.5021, 11.1671, 19.0174)
(9.05179, 21.5215, 5.90494, 4.2721, 11.9739, 11.4311, 4.86953, 6.16171, 2.66062, 7.94365, 14.2091, 9.72992, 3.73393, 5.4012, 5.5924, 5.45184, 22.6086, 9.71414, 6.15967, 4.42911, 6.68171, 20.4975, 13.6297, 9.12405, 4.24429, 4.40661, 3.17236, 3.23899, 7.23248, 13.8011, 13.4706, 10.4767, 17.2032)
(3.58088, 5.01276, 6.13964, 8.45796, 42.4854, 15.3093, 2.16268, 1.99218, 1.61012, 4.59864, 8.65047, 11.4372, 2.76141, 3.30659, 3.46339, 7.34967, 16.2954, 10.2779, 21.3056, 5.48618, 4.54417, 13.7725, 1.13779, 0.400444, 0.467913, 0.360728, 0.747731, 2.35077, 8.05044, 15.3097, 12.7295, 13.1883, 45.2565)
(6.31052, 14.2353, 7.48865, 6.5091, 16.2345, 13.9581, 4.98416, 7.18152, 2.77014, 7.8503, 12.4778, 11.5761, 4.95285, 6.69673, 5.26109, 6.36618, 15.4232, 11.4904, 6.03433, 3.95381, 9.09444, 19.1508, 10.4701, 8.73175, 3.65184, 4.50483, 3.31276, 5.2813, 7.83961, 10.7932, 12.2629, 11.831, 21.3208)
(3.55932, 3.75896, 5.53142, 8.76276, 14.8651, 16.4829, 10.8603, 17.6881, 3.0128, 6.77217, 8.7062, 17.0566, 8.3236, 5.22643, 5.4633, 4.7368, 12.5913, 8.22378, 5.45649, 3.23341, 20.9182, 8.77003, 20.208, 4.26307, 3.51048, 5.4773, 3.11949, 2.87083, 4.26858, 10.1997, 16.9985, 13.4773, 15.6067)
(3.43655, 4.66869, 12.0952, 8.56971, 15.332, 13.8257, 7.56909, 15.8403, 2.41925, 6.24143, 10.002, 17.1851, 7.95787, 5.44287, 5.48792, 6.76182, 23.8882, 7.55708, 5.0632, 4.35028, 5.74565, 10.5601, 21.6243, 2.84824, 3.02526, 4.0871, 1.77117, 4.49486, 5.26219, 9.69221, 16.2755, 13.7303, 17.1887)
(4.27153, 4.99954, 5.75762, 10.7022, 39.5486, 11.747, 2.55105, 3.07064, 2.33304, 6.6406, 8.37814, 10.3084, 4.93752, 3.07048, 4.59422, 9.00009, 20.047, 18.8028, 6.26417, 3.59641, 6.72513, 12.654, 2.05125, 1.61788, 1.5167, 1.69302, 1.17544, 3.12336, 7.36747, 10.6304, 11.5859, 16.6669, 42.5718)
(4.24209, 5.0262, 5.75834, 10.0143, 37.3835, 14.5041, 2.62558, 2.88854, 2.54007, 6.62648, 8.39095, 11.2233, 4.38707, 3.15547, 4.07889, 7.88141, 19.6242, 18.4142, 6.92064, 4.43846, 6.25894, 13.6174, 2.65215, 1.6101, 1.42302, 1.26357, 1.37886, 3.99575, 8.46284, 9.37674, 13.0544, 15.9242, 40.8583)
(4.55151, 4.24534, 6.04559, 8.04588, 39.5632, 16.0859, 2.47197, 2.67006, 2.74285, 5.52214, 8.05547, 10.9919, 5.08352, 4.37352, 4.41457, 9.44901, 28.5609, 9.59807, 6.63676, 4.32705, 4.82417, 11.7405, 1.46473, 0.947254, 0.760098, 0.800611, 0.8671, 4.10646, 11.8357, 10.374, 11.1718, 14.0612, 43.6111)
(3.96572, 4.71182, 5.61521, 8.96266, 41.5443, 15.1456, 2.17618, 2.13795, 2.30695, 4.89052, 8.54309, 10.9641, 4.16075, 3.13064, 3.09159, 7.6465, 15.1488, 12.5692, 11.8747, 11.1573, 6.75131, 13.5051, 1.37602, 0.62842, 0.642684, 0.459495, 1.00704, 3.10482, 7.50718, 11.5208, 14.9845, 14.6005, 44.1684)
(3.37333, 6.15651, 8.87631, 8.2903, 14.1112, 15.5088, 8.97381, 16.001, 2.22633, 7.13939, 9.34298, 19.0032, 7.28358, 5.42064, 5.30195, 6.4162, 10.9313, 19.3536, 6.16644, 4.06179, 5.29478, 10.7665, 21.0594, 3.0851, 3.12302, 5.0688, 2.92648, 3.46515, 4.43209, 11.1974, 16.5693, 12.1212, 16.9521)
(4.65338, 4.50895, 5.72717, 8.27337, 40.2849, 15.1198, 2.74455, 3.25874, 2.53883, 4.75967, 8.13067, 10.9922, 7.06325, 5.5279, 4.92217, 7.73029, 28.246, 9.0334, 6.33898, 3.9116, 4.98275, 11.2515, 1.27418, 0.937761, 0.662737, 0.637601, 0.712148, 4.27744, 10.0975, 11.3703, 11.3506, 13.5463, 45.1334)
(3.88165, 5.10689, 5.28566, 9.91826, 40.2904, 14.3027, 2.16614, 2.47247, 2.55548, 6.01433, 8.00606, 11.3143, 3.81014, 2.74474, 3.72496, 7.75566, 18.1208, 20.5448, 7.38596, 4.83332, 6.1438, 13.6215, 1.67675, 0.863017, 0.932166, 0.687388, 0.988689, 2.68908, 10.5932, 9.26863, 13.8054, 15.0223, 43.4734)
(4.88896, 6.19232, 13.781, 7.27626, 16.039, 12.8853, 6.36738, 8.84622, 3.61875, 9.20221, 10.9027, 13.3951, 6.21222, 6.46848, 5.71585, 8.00399, 17.8444, 10.1683, 6.35314, 6.48956, 6.86479, 12.4841, 18.7976, 5.73541, 3.25625, 4.0981, 2.09069, 4.59815, 4.23549, 9.92827, 11.3058, 12.3756, 23.5787)
(5.22712, 6.93232, 17.1767, 8.08294, 18.0141, 14.2139, 5.36344, 4.91554, 2.9526, 7.47334, 9.64792, 16.4815, 6.50363, 5.3962, 6.30839, 9.79711, 15.5794, 10.8763, 5.72002, 4.43051, 5.8983, 13.0086, 11.7778, 7.94838, 4.0152, 3.54328, 1.9986, 5.80915, 4.82007, 11.1747, 13.1772, 12.2968, 23.4388)
(4.99715, 5.65391, 20.3791, 5.58145, 14.3838, 10.8728, 4.60208, 5.08148, 3.20593, 13.0854, 12.1569, 12.625, 6.99621, 7.46198, 13.6343, 9.31312, 13.5448, 8.76585, 5.51582, 4.32877, 6.36326, 11.4509, 18.9463, 4.43515, 3.2424, 3.63306, 1.89915, 3.80006, 3.30193, 9.27921, 9.86584, 12.7173, 28.8795)
(4.08344, 4.50015, 6.13023, 8.95809, 37.7652, 15.9712, 2.58727, 2.60857, 2.69347, 5.88331, 8.81906, 11.2542, 4.29464, 3.73065, 4.13508, 7.27181, 23.978, 11.4061, 9.52587, 5.28817, 5.7903, 13.3253, 2.34641, 1.33349, 1.23334, 1.03924, 1.11184, 4.38473, 8.53684, 11.2784, 12.6958, 14.8738, 41.1661)
(2.90746, 5.653, 26.1825, 8.56493, 17.1486, 13.3781, 5.68083, 2.56691, 2.18742, 6.86502, 8.86527, 18.5656, 8.52339, 4.83047, 4.98255, 6.75308, 9.83875, 8.11312, 6.02353, 3.89648, 18.5157, 9.95724, 18.7465, 3.92193, 4.99644, 4.44669, 2.50039, 3.222, 3.8894, 8.72871, 16.7417, 13.9746, 18.8315)
(3.80846, 3.68815, 5.80082, 8.30374, 41.1063, 14.6833, 2.29072, 2.37947, 3.01379, 5.64848, 9.27672, 10.7558, 5.41921, 3.74728, 3.93858, 7.79232, 28.6895, 11.6004, 6.64312, 4.94992, 4.86403, 11.5999, 1.62568, 1.17409, 1.04798, 1.04342, 1.19992, 3.65175, 11.3569, 10.3224, 11.9366, 14.9866, 41.6547)
(3.37527, 3.48067, 5.94102, 8.19707, 39.7784, 15.5711, 2.24098, 2.277, 2.98062, 6.44386, 9.71408, 11.1472, 4.48803, 3.17605, 3.80486, 6.6797, 27.8918, 13.6888, 7.59024, 4.79903, 4.59993, 12.1344, 2.31533, 1.25626, 1.27605, 1.1454, 1.1677, 4.7595, 8.39747, 11.544, 12.5176, 16.4248, 39.1957)
(6.77702, 14.6819, 8.13081, 6.55766, 16.3555, 13.351, 5.08104, 5.78086, 2.96585, 8.10577, 12.2127, 10.9252, 5.00696, 5.43494, 5.57563, 6.41163, 16.2456, 13.4912, 5.94123, 5.29913, 6.99202, 18.6765, 12.106, 7.2647, 3.82567, 4.36651, 2.83298, 5.25895, 6.88252, 11.1085, 11.9567, 12.0939, 22.3036)
(4.36192, 4.58658, 5.28588, 9.64458, 39.3835, 13.9, 2.78886, 3.05637, 3.03025, 4.85012, 9.11194, 10.6259, 7.43596, 7.03602, 4.87557, 7.44434, 19.9303, 14.6705, 6.48225, 4.60146, 5.52064, 11.377, 1.73671, 1.47302, 1.13271, 1.14831, 0.936245, 3.86413, 9.83306, 8.77665, 13.7545, 14.9368, 42.4078)
(4.77428, 6.81161, 16.8982, 8.43908, 19.7224, 14.5484, 4.98739, 4.60183, 2.84742, 7.08045, 9.28893, 17.1455, 6.35912, 4.91356, 5.97844, 9.26432, 15.6558, 11.3922, 5.89018, 4.26807, 6.80866, 12.3242, 12.8444, 5.77819, 4.11318, 3.74225, 2.03551, 5.66803, 4.89941, 11.1033, 13.4474, 12.5567, 23.8117)
(2.68141, 3.38708, 5.55553, 6.39916, 44.6957, 14.4081, 1.46037, 1.57271, 2.71754, 7.00747, 10.1149, 11.7928, 2.70392, 2.48432, 3.84163, 5.91332, 21.3305, 27.7341, 5.23044, 3.37932, 3.58999, 11.9996, 1.87695, 0.603108, 0.506552, 0.988214, 0.619926, 3.68404, 9.27082, 8.24856, 15.1279, 19.8966, 39.1773)
(3.77787, 3.95809, 6.40735, 8.53391, 37.4594, 16.0428, 2.60671, 2.53398, 3.02223, 6.13908, 9.51845, 11.0127, 5.15424, 3.77777, 4.09892, 7.09162, 26.8077, 12.2808, 7.19777, 5.18597, 5.31155, 12.0809, 2.73385, 1.72591, 1.45372, 1.4026, 1.38468, 4.79103, 9.01677, 10.6662, 12.5898, 15.5879, 38.6476)
(3.7106, 3.86095, 6.05285, 8.31943, 39.1234, 15.6559, 2.34419, 2.39214, 3.00793, 6.15421, 9.37857, 11.1611, 4.50853, 3.56011, 3.89495, 7.22951, 27.6489, 12.2618, 7.31721, 4.97261, 5.00275, 12.4425, 2.23108, 1.29697, 1.17678, 1.08178, 1.20401, 4.71521, 9.11316, 11.1812, 12.1616, 15.5067, 40.3314)
(4.05635, 4.64934, 5.59344, 9.79684, 39.3207, 14.231, 2.44152, 2.51914, 2.47321, 6.563, 8.35536, 11.294, 4.08862, 2.90691, 3.95245, 8.00709, 18.5236, 19.586, 7.19104, 4.62874, 6.2508, 13.5706, 1.9608, 1.20063, 1.16554, 0.901787, 1.12709, 3.33631, 9.51536, 9.26597, 13.6387, 15.447, 42.4411)
(4.15828, 4.66214, 5.5496, 8.67721, 41.7455, 15.1747, 2.36434, 2.38507, 1.76852, 4.20075, 9.31403, 10.9624, 4.5447, 2.9194, 4.03688, 7.00122, 15.1575, 9.73837, 11.0246, 7.91561, 7.66214, 19.0372, 1.34659, 0.607206, 0.855744, 0.669546, 1.10212, 3.28694, 6.63389, 10.4766, 16.7375, 13.8206, 44.4633)
(4.88791, 5.14846, 19.9634, 5.55933, 14.7118, 10.8474, 4.98786, 5.77447, 3.77641, 12.5353, 11.8078, 12.3664, 6.813, 8.23573, 6.73486, 13.319, 12.869, 10.9905, 5.98025, 5.35166, 5.98557, 11.3541, 19.6177, 4.58856, 3.29445, 4.04275, 1.6363, 3.77768, 3.69661, 9.33484, 10.0269, 12.3476, 27.6366)
(3.9131, 4.73473, 6.33092, 8.9265, 34.8075, 16.5116, 3.10048, 3.1435, 2.72526, 6.71645, 9.08997, 11.5364, 4.47891, 3.74696, 4.25097, 7.2105, 20.8011, 16.2876, 7.44541, 4.66037, 6.08248, 13.4993, 3.80807, 2.07483, 1.9715, 1.52052, 1.40374, 5.19787, 7.6484, 9.58973, 13.0353, 16.0453, 37.7048)
(4.9857, 6.8447, 16.9971, 8.60763, 18.1978, 14.3453, 5.47269, 5.13663, 2.68644, 7.17595, 9.55005, 17.4259, 6.53, 5.11724, 5.63773, 9.56821, 15.0753, 10.9237, 5.76758, 4.42621, 6.7337, 12.7946, 15.3034, 5.02034, 4.18269, 3.89075, 2.00389, 5.36114, 4.71937, 11.2425, 13.2751, 12.382, 22.6188)
(4.13914, 5.59137, 6.91066, 8.49062, 25.9819, 17.8875, 6.58779, 5.12059, 2.763, 7.31795, 9.20951, 12.6619, 5.28815, 4.51805, 4.78405, 6.30925, 19.0211, 13.6433, 7.7872, 4.05055, 8.69237, 13.244, 8.93993, 3.27648, 2.45786, 2.79137, 2.06089, 5.6434, 6.45972, 9.38523, 13.489, 15.2608, 30.2353)
(3.43257, 3.49108, 5.89883, 7.97179, 40.6974, 15.2112, 2.05537, 2.27432, 2.77307, 6.27448, 9.91985, 11.3236, 4.12811, 3.30053, 3.75143, 6.57737, 31.1391, 11.1281, 7.22184, 4.95077, 4.30711, 12.172, 2.07647, 1.17527, 1.05456, 1.16228, 1.17864, 4.70811, 8.74368, 11.3478, 12.4544, 16.0481, 40.0507)
(2.44396, 2.85177, 5.33858, 8.45111, 42.9556, 13.7623, 2.22981, 1.9138, 2.35607, 7.41522, 10.2817, 11.3108, 4.3292, 2.49972, 2.67526, 6.1383, 20.9741, 25.4273, 7.32744, 3.98623, 3.8595, 11.4722, 1.91182, 0.855625, 1.33535, 0.943098, 0.9483, 4.07166, 7.87822, 10.8552, 14.2309, 16.9367, 40.0331)
(4.23526, 6.39117, 24.4946, 7.18815, 16.5641, 11.7033, 3.65939, 5.74086, 2.76443, 7.23458, 10.0241, 20.044, 7.74749, 5.37981, 4.76959, 5.2241, 9.97575, 7.516, 6.80582, 3.5296, 18.9431, 10.0648, 18.531, 4.86916, 4.98031, 5.95716, 1.72352, 2.80925, 4.69707, 10.4689, 15.0112, 12.4802, 18.4723)
(6.93251, 15.6442, 7.11444, 5.9761, 15.6514, 13.5662, 5.22817, 6.79593, 2.60467, 7.96078, 12.5256, 11.5241, 4.51563, 6.30332, 5.25937, 5.98675, 19.2974, 12.0211, 6.11298, 4.34551, 6.63259, 18.0012, 14.563, 5.62394, 3.47325, 4.22935, 2.99258, 4.45461, 6.96363, 12.1595, 12.9488, 11.7423, 20.849)
(4.1483, 5.3124, 4.72585, 8.89863, 39.817, 14.1623, 3.02537, 4.65157, 2.38028, 3.82135, 9.05703, 10.5916, 7.38382, 13.0225, 5.82897, 9.86915, 18.2731, 9.60357, 5.74102, 3.75676, 5.15724, 10.7723, 1.03254, 1.03617, 0.608189, 0.655616, 0.539954, 3.89189, 9.54637, 9.2803, 13.9496, 14.4219, 45.0374)
(4.70017, 5.22397, 5.40189, 11.1577, 39.175, 11.7183, 2.86436, 2.7587, 2.3404, 6.58424, 8.07526, 10.593, 4.82449, 2.87932, 4.47578, 8.86716, 20.0148, 18.7885, 6.63471, 3.56021, 6.75426, 12.6079, 2.11707, 1.71791, 1.47487, 1.70236, 1.38323, 3.15963, 8.17329, 9.41584, 11.9968, 16.3404, 42.5186)
(3.83377, 4.75613, 9.02094, 8.89529, 31.8781, 15.9574, 3.42418, 3.17186, 2.81616, 6.7123, 9.53381, 12.2724, 5.51144, 4.22971, 4.442, 6.68631, 21.8308, 13.4975, 7.33103, 4.76955, 6.94198, 12.4873, 5.89477, 2.86079, 2.28462, 2.24638, 1.65543, 5.71343, 6.85519, 10.3383, 13.312, 15.4006, 33.4386)
(4.34612, 4.6987, 5.3364, 10.9294, 39.7332, 13.5604, 2.54733, 2.61621, 2.40993, 5.76702, 8.05518, 10.2553, 4.99987, 3.16743, 3.49363, 7.47647, 16.2495, 18.1967, 6.40393, 5.35886, 9.00686, 15.3915, 1.5624, 0.956957, 0.838116, 0.840136, 1.03169, 2.95351, 7.6906, 9.82734, 14.9483, 14.5112, 44.8396)
(4.54405, 4.83105, 7.00227, 10.3207, 33.123, 15.4785, 3.16646, 3.01795, 3.01747, 6.14439, 9.35414, 10.9515, 5.85844, 4.95583, 4.46177, 7.00374, 21.3112, 14.1701, 7.25749, 5.14771, 6.41103, 12.4713, 3.83003, 2.75819, 1.99628, 1.88076, 1.57602, 5.26863, 6.62939, 9.70936, 13.8456, 15.3937, 37.112)
(4.54723, 4.18039, 6.27795, 7.94715, 40.0868, 16.14, 2.51919, 2.56144, 2.55028, 5.30394, 7.88554, 11.0692, 4.03904, 3.97748, 4.24564, 8.79641, 31.5322, 8.86618, 6.75777, 4.11287, 4.83346, 11.7697, 1.34066, 0.761635, 0.598693, 0.672501, 0.74581, 4.06341, 11.5487, 11.6846, 10.3917, 13.3139, 44.8783)
(4.66945, 5.27559, 8.13272, 10.2825, 30.1941, 15.3558, 3.64141, 3.22358, 2.99285, 6.60024, 9.6317, 11.4033, 5.93503, 4.93923, 4.72395, 6.9202, 21.6982, 12.7599, 6.99158, 4.95182, 6.55732, 13.1195, 4.86364, 3.75024, 2.39402, 2.29574, 1.70101, 6.08588, 5.84226, 10.4571, 12.9835, 15.2807, 34.346)
(2.68946, 3.3952, 5.54979, 5.86164, 45.3635, 13.9601, 1.75068, 1.58927, 2.72351, 6.75824, 10.3586, 11.8074, 2.69347, 2.22917, 4.36447, 5.6546, 20.514, 28.2351, 5.51988, 3.36096, 3.60472, 12.0161, 1.91713, 0.608876, 0.504716, 0.993329, 0.621159, 4.21249, 8.75068, 7.95546, 15.6457, 19.1271, 39.6632)
(4.03405, 5.56089, 9.42016, 9.13221, 21.1338, 16.2034, 7.31536, 7.82917, 2.80746, 7.15743, 9.40611, 15.0035, 6.45154, 5.02932, 5.16545, 6.3198, 17.6237, 12.3068, 6.29247, 4.21019, 9.32134, 12.2759, 14.182, 3.74448, 3.05645, 3.57378, 2.18243, 5.54897, 5.38462, 10.0537, 14.1503, 13.832, 24.2913)
(4.25206, 5.26574, 5.36642, 10.1393, 40.042, 12.2046, 1.83499, 3.63676, 2.28417, 7.24858, 7.72548, 9.31098, 4.80074, 2.97802, 4.07498, 10.402, 17.4578, 11.1699, 19.0972, 2.7384, 5.76552, 12.2045, 1.94906, 1.76204, 1.43903, 2.02862, 0.939468, 2.70597, 10.5343, 7.64997, 11.1653, 18.194, 41.6322)
(4.12347, 4.94501, 5.46136, 12.9065, 37.0861, 12.9934, 3.22353, 2.86062, 2.78405, 5.21486, 8.40104, 9.0149, 6.32969, 3.49164, 3.64799, 6.27977, 14.0473, 14.9411, 8.55322, 5.12303, 13.084, 15.4874, 1.52499, 1.08604, 0.728097, 0.799614, 0.778144, 2.68789, 6.53687, 9.29765, 16.1798, 15.1438, 45.237)
(4.76113, 5.29265, 7.06593, 10.5152, 23.4058, 14.9562, 3.83776, 4.31665, 3.22742, 10.3892, 12.2321, 12.7969, 6.09129, 4.97518, 4.85232, 5.69474, 15.7474, 9.95214, 6.0728, 5.07951, 7.82928, 20.9084, 3.2698, 2.99983, 2.26378, 1.85255, 2.4355, 6.06708, 5.42094, 10.2549, 12.8701, 22.1361, 30.4292)
(4.25302, 5.08324, 6.06343, 8.35513, 25.9503, 19.5308, 3.755, 3.47342, 2.7819, 9.95975, 10.794, 9.34764, 4.65963, 5.67259, 5.25189, 6.26723, 25.2197, 12.5606, 5.74952, 5.25558, 6.11109, 13.9045, 5.70983, 4.33074, 2.72521, 2.83976, 2.30853, 12.7317, 4.8829, 10.7119, 9.59648, 15.0938, 29.0692)
(4.60125, 5.73627, 7.42507, 9.83469, 25.4862, 18.9377, 3.76724, 3.49026, 3.12383, 7.81016, 9.78728, 10.4033, 5.55786, 5.22681, 4.94758, 6.26991, 22.8798, 11.6185, 5.91567, 5.17234, 6.50847, 15.4997, 5.40538, 4.0778, 2.52435, 3.319, 2.53585, 10.7225, 5.55858, 9.80258, 11.0595, 14.913, 30.0814)
(5.83632, 8.83735, 6.94532, 7.95172, 27.9205, 13.8953, 5.29771, 2.81742, 3.73275, 6.86801, 9.89753, 32.1948, 9.34951, 4.40385, 5.14794, 4.56513, 12.1266, 6.9699, 4.18004, 3.79874, 5.37883, 11.8845, 2.35243, 3.30565, 3.29803, 4.08532, 3.0634, 4.80655, 20.3323, 10.3376, 10.8239, 15.7788, 21.816)
(2.79266, 5.31799, 6.47088, 7.23262, 28.39, 27.579, 3.4557, 2.72645, 2.00575, 6.97497, 7.05394, 7.96772, 3.31278, 4.44707, 3.70718, 4.79969, 34.1987, 13.4863, 4.48155, 4.00305, 5.13607, 14.4599, 8.16799, 5.60252, 1.67718, 1.99508, 2.09775, 21.7857, 3.86334, 8.17003, 6.58347, 9.30941, 30.7475)
(4.39918, 4.92635, 6.02391, 8.64755, 25.9315, 16.9137, 3.99473, 3.97435, 3.15176, 10.1982, 11.8388, 9.95952, 5.02361, 5.7203, 6.2508, 7.19888, 22.0564, 12.2787, 6.26306, 5.60245, 6.12142, 13.5249, 5.12658, 4.37949, 3.24277, 3.16612, 2.46791, 10.0671, 5.2459, 11.8609, 10.5593, 16.2516, 27.6325)
(4.64699, 5.28109, 6.94213, 10.1905, 28.2782, 17.564, 3.44578, 3.34151, 3.75063, 6.89855, 9.66059, 11.1396, 6.06446, 5.6352, 4.70324, 6.48327, 21.4191, 11.437, 7.35704, 5.51931, 6.91066, 13.331, 4.38041, 3.26839, 2.17291, 2.5287, 1.63898, 7.87907, 6.168, 10.4045, 13.0679, 15.2944, 33.1967)
(13.4683, 5.36575, 5.36891, 6.37666, 16.1551, 16.4446, 3.81367, 6.5669, 5.54775, 10.0336, 10.8588, 9.08154, 5.33787, 4.14005, 4.76496, 5.48755, 17.9356, 9.09883, 5.34075, 4.78246, 7.23066, 26.7998, 4.95419, 4.29004, 3.31591, 3.56425, 12.8645, 8.62417, 6.36334, 7.51297, 9.79673, 14.4439, 24.27)
(4.01239, 5.78865, 7.67819, 8.68522, 26.9126, 20.4081, 3.7416, 3.62473, 2.97845, 7.21336, 8.95674, 10.5132, 5.43049, 4.82687, 4.75683, 6.04195, 24.7244, 12.0324, 5.95561, 4.82287, 6.84054, 14.0549, 6.44614, 4.43184, 2.5456, 2.62845, 2.44822, 12.3039, 5.13334, 10.0224, 10.3796, 13.7174, 29.9431)
(4.00523, 5.12622, 6.05635, 8.40653, 24.9675, 20.4705, 3.63999, 3.53486, 2.99522, 9.99276, 10.8049, 9.3536, 4.60093, 5.2342, 5.08815, 6.38875, 25.9454, 12.1412, 5.76771, 5.12811, 5.81633, 14.5356, 5.94324, 4.4363, 2.67957, 2.56523, 2.31351, 13.6163, 4.80463, 9.54183, 9.86789, 13.7753, 30.4562)
(4.09625, 4.94768, 5.90597, 9.02344, 26.0406, 16.5434, 4.00887, 4.23061, 3.26407, 10.1414, 11.7978, 9.75616, 4.99243, 5.85288, 5.75351, 8.59768, 21.0948, 11.992, 6.45679, 5.53697, 6.24016, 13.7266, 4.92751, 4.46831, 3.47371, 3.26579, 2.45409, 9.56509, 5.50163, 12.2701, 11.0312, 15.5132, 27.5294)
(5.95004, 7.69248, 24.0384, 7.86254, 13.1942, 13.0596, 5.17249, 4.54352, 2.2865, 6.80176, 9.39843, 19.4636, 7.7471, 5.52934, 6.20639, 16.0803, 12.0028, 7.34617, 5.18842, 4.05555, 4.89484, 11.4855, 6.31059, 16.242, 3.51873, 3.01076, 1.6035, 4.25142, 4.23637, 12.1527, 16.2823, 11.6266, 20.7648)
(5.93996, 11.5554, 6.22494, 7.1478, 17.8199, 15.1238, 8.33636, 4.91591, 3.60935, 8.41216, 10.9145, 15.2518, 5.20699, 4.58392, 4.8544, 5.89454, 16.6245, 9.56738, 5.69832, 4.23979, 6.54168, 21.5367, 5.00164, 5.71028, 3.71047, 9.96807, 3.85514, 7.32846, 6.2696, 8.74047, 12.4735, 13.9783, 22.9641)
(4.24292, 6.05957, 7.6917, 8.42601, 25.8712, 21.3632, 3.74862, 3.69014, 3.00612, 7.49312, 8.40743, 10.8285, 5.25869, 4.69466, 4.99744, 5.96539, 26.244, 12.0324, 5.18292, 4.52802, 6.06513, 14.2029, 7.28998, 5.15945, 3.07744, 2.77286, 2.31341, 14.8921, 4.56811, 9.64506, 9.32149, 12.5272, 28.4329)
(4.00034, 3.27543, 3.74215, 5.41002, 16.9941, 12.7891, 3.75679, 3.55202, 3.0875, 17.585, 25.8075, 9.11659, 6.36119, 5.59729, 4.93107, 7.60765, 17.2572, 11.3693, 7.40324, 15.7207, 3.77992, 10.8557, 2.98844, 3.23905, 4.10129, 2.37267, 2.82109, 6.18617, 5.34792, 8.14167, 10.3381, 23.872, 30.5917)
(4.38037, 6.25672, 6.64799, 8.10813, 25.679, 21.8979, 3.99751, 3.82846, 2.74184, 7.62256, 8.83952, 9.94459, 4.41043, 4.7098, 4.73252, 5.74898, 26.362, 12.4292, 5.34843, 4.41616, 5.96649, 15.9314, 7.04269, 5.05201, 2.55093, 2.67223, 2.96157, 14.6082, 5.12612, 8.89635, 9.22354, 12.0594, 29.807)
(5.3138, 15.6349, 4.76837, 5.73332, 15.7648, 14.2674, 7.2044, 5.91596, 4.26888, 9.56017, 11.568, 9.9624, 4.27454, 3.84296, 4.52848, 5.23807, 15.4074, 8.92127, 6.0553, 3.94935, 6.77198, 31.0483, 4.18837, 5.08952, 4.23081, 13.5947, 4.6208, 6.67478, 6.19208, 7.63663, 13.4118, 13.6232, 20.7373)
(5.8843, 4.64342, 5.64067, 9.03714, 19.231, 13.4072, 4.03187, 3.15586, 2.77094, 16.9154, 15.2822, 9.06922, 5.27584, 5.46819, 5.7917, 6.72194, 19.4848, 10.9073, 6.2134, 8.57953, 6.82942, 15.6586, 3.21184, 3.49772, 3.48879, 2.9642, 2.45092, 6.36863, 6.31248, 9.78404, 11.139, 25.2179, 25.5644)
(3.85853, 5.3062, 6.63943, 9.08147, 27.7029, 20.8812, 3.4746, 3.81491, 2.94968, 8.09803, 8.19308, 8.97666, 4.52561, 4.89312, 5.53133, 6.22596, 27.469, 12.5774, 5.11719, 4.49349, 6.01818, 14.1721, 6.5643, 4.93164, 2.89248, 2.9444, 2.6679, 13.998, 4.99484, 11.2905, 8.74102, 13.0014, 27.9736)
(4.01373, 3.00724, 3.96571, 5.6795, 16.9627, 13.0396, 3.4603, 4.16172, 3.20015, 18.3805, 24.1288, 10.1684, 5.49029, 6.26877, 6.0401, 6.60104, 18.7137, 10.9042, 17.3168, 3.38287, 5.10839, 10.0055, 3.08194, 3.58481, 3.73087, 2.5435, 2.95874, 6.58872, 4.55629, 9.15282, 9.75851, 23.2028, 30.8409)
(4.11535, 4.94947, 6.49853, 9.17743, 32.469, 17.1993, 3.33597, 3.23547, 2.97487, 6.98244, 9.06227, 11.6015, 4.67775, 4.0736, 4.47987, 7.01975, 21.9189, 13.8863, 7.09215, 4.80569, 6.31427, 14.1301, 4.30988, 2.66718, 1.59306, 1.69351, 1.83241, 7.13663, 6.79809, 9.71897, 12.4904, 15.2665, 36.4933)
(3.28408, 4.77547, 6.21992, 9.14797, 26.2523, 26.6502, 3.26041, 3.22619, 2.56003, 8.71828, 5.90511, 7.3982, 3.8893, 3.90659, 5.53317, 5.38511, 21.656, 21.4699, 5.9806, 4.59831, 6.54594, 13.6368, 7.55127, 5.08495, 2.39298, 2.02453, 2.35565, 12.7268, 11.6763, 8.29949, 8.04667, 11.0765, 28.7648)
(4.75429, 5.35962, 6.10252, 9.03969, 23.6802, 16.6687, 3.83485, 4.0171, 3.54719, 10.4053, 12.5906, 10.8985, 5.59081, 5.92352, 5.19553, 6.40728, 20.5748, 10.835, 7.40388, 5.49788, 6.2968, 15.376, 4.74086, 4.06464, 3.14205, 2.76439, 2.28618, 9.47446, 4.84336, 9.61973, 12.5135, 15.1279, 31.423)
(4.76702, 5.46875, 6.83069, 8.85156, 26.0688, 17.6635, 4.04941, 3.94417, 3.26964, 8.87393, 10.2126, 10.8807, 5.37762, 6.06817, 5.31814, 6.73109, 22.5109, 11.7105, 5.86809, 5.18294, 6.33495, 14.0169, 5.63804, 4.60938, 3.0764, 3.29012, 2.45608, 11.0242, 5.21677, 10.6981, 10.8317, 15.18, 27.9793)
(5.3354, 3.74512, 3.90687, 6.37505, 14.3515, 11.3404, 4.74965, 2.20806, 2.68246, 28.6885, 16.6171, 8.31096, 4.93722, 7.14386, 5.97874, 8.21039, 17.3098, 20.996, 5.01207, 5.5849, 5.89256, 10.6236, 2.55544, 3.38668, 4.16401, 3.10723, 2.21128, 4.89238, 6.4216, 8.95013, 10.6839, 28.5137, 25.1136)
(4.94673, 4.89731, 5.80296, 8.8968, 23.8749, 16.6492, 3.91563, 3.45966, 2.90076, 12.0111, 12.6448, 9.40592, 4.89868, 5.23773, 5.22567, 6.54763, 23.2517, 12.1046, 5.97724, 6.02429, 6.61912, 14.7075, 4.50885, 3.8193, 3.11982, 2.859, 2.3361, 9.43761, 5.56486, 9.82228, 10.5966, 19.3712, 28.5644)
(3.21371, 5.43668, 6.85213, 7.97408, 27.5674, 25.0698, 3.23261, 3.75744, 2.20931, 7.05839, 7.62847, 8.42864, 3.79134, 4.54128, 4.9122, 5.14814, 30.8242, 12.9483, 5.0582, 4.13877, 5.55757, 14.6514, 8.48901, 4.81638, 1.94014, 2.18932, 2.17081, 18.4667, 4.31012, 8.45393, 7.68496, 10.613, 30.8657)
(4.28145, 5.50119, 6.78854, 8.87292, 26.6883, 20.1173, 3.67986, 3.85941, 3.03647, 7.92005, 9.25447, 11.9539, 5.0707, 5.02288, 4.76656, 6.05273, 22.982, 11.8098, 5.92903, 4.62287, 6.4447, 15.3449, 5.24941, 3.89876, 2.4179, 2.06171, 2.04951, 10.782, 6.33235, 9.36389, 10.811, 14.8148, 32.2186)
(3.62066, 6.23694, 7.0178, 8.51892, 26.9512, 20.3397, 3.80262, 3.86053, 3.01075, 7.78153, 8.85938, 9.6019, 5.40894, 5.25383, 5.53405, 6.24135, 25.5041, 11.8796, 5.41604, 4.68088, 6.10264, 14.3766, 6.53115, 4.94797, 2.85169, 3.56317, 2.78263, 13.0767, 4.68596, 10.8538, 9.32134, 13.4788, 27.9069)
(3.86227, 4.31878, 3.76624, 8.72405, 33.5569, 12.8059, 3.96164, 4.75632, 2.20014, 9.75361, 12.2942, 7.8142, 3.9622, 4.01257, 4.42346, 6.0418, 26.9514, 13.2457, 8.23626, 6.24385, 7.70649, 11.3622, 2.3528, 3.06856, 5.01746, 3.4297, 2.53252, 4.64357, 6.5733, 8.23972, 9.15242, 30.5471, 24.4429)
(5.04205, 8.43932, 9.78148, 7.60506, 20.2609, 16.617, 4.97079, 5.17266, 3.17501, 8.64419, 10.2916, 11.8686, 5.97618, 6.06032, 5.60709, 6.66941, 19.4442, 11.0194, 5.68933, 4.66569, 6.52527, 16.4745, 9.967, 6.06213, 3.69423, 3.81683, 2.86242, 8.72471, 5.55846, 9.6317, 10.758, 12.812, 26.1125)
(4.66536, 5.95141, 6.11448, 8.74287, 24.0443, 16.887, 4.26766, 3.82582, 3.54432, 9.21881, 12.7381, 14.4583, 6.02556, 5.00114, 5.22332, 7.3825, 19.9203, 10.4756, 5.55434, 4.4989, 6.06809, 15.392, 4.77579, 4.2744, 3.59242, 3.51796, 2.63893, 9.39379, 7.21132, 11.1518, 12.039, 13.669, 27.7358)
(4.5706, 5.39676, 6.30868, 10.6649, 22.9883, 18.1707, 3.9723, 4.01142, 3.30376, 9.21121, 11.4013, 10.951, 5.15613, 5.37139, 5.093, 7.55812, 22.1896, 10.7834, 5.50941, 5.14369, 6.49722, 15.747, 5.32768, 4.17747, 3.11979, 2.84624, 2.45864, 11.0958, 5.10429, 9.49442, 11.2605, 14.4333, 30.6818)
(4.4289, 5.23902, 5.9468, 10.8321, 35.3119, 14.0203, 3.04689, 3.11276, 2.72303, 6.66469, 8.67351, 11.2158, 5.21643, 3.53343, 4.37732, 7.65078, 18.1065, 16.9541, 6.90816, 4.45699, 7.14292, 14.4376, 2.62862, 1.98622, 1.58899, 1.53055, 1.77769, 4.15251, 7.38547, 9.68863, 12.8935, 15.9577, 40.4101)
(4.56223, 5.90497, 7.3348, 8.79703, 25.4447, 19.5545, 3.94467, 4.05838, 3.30883, 8.2017, 8.88823, 11.0217, 5.51003, 5.03288, 6.1622, 6.74285, 24.1086, 11.8053, 5.38444, 4.70903, 6.07122, 13.4518, 6.702, 5.13647, 3.16689, 3.31358, 2.10508, 12.2757, 4.96114, 11.4467, 9.83313, 13.9408, 27.1185)
(4.22843, 4.57206, 6.9966, 9.5382, 32.2216, 16.7055, 3.20593, 3.09563, 3.55772, 6.41426, 9.46402, 10.9857, 5.74068, 4.97134, 4.55064, 7.045, 23.4804, 11.8455, 6.6342, 4.86528, 6.34519, 13.5361, 3.60091, 2.45285, 1.76761, 1.88165, 2.25128, 6.23423, 7.52705, 10.0559, 12.0627, 15.4803, 36.6854)
(4.72605, 5.65354, 5.98048, 8.55065, 23.4798, 16.9833, 4.15305, 3.99593, 3.83301, 9.55095, 13.0932, 12.3878, 5.61823, 5.24377, 5.11312, 6.76409, 20.4009, 10.6684, 7.14435, 4.96828, 6.20989, 15.4812, 4.94342, 4.28237, 3.36843, 3.25336, 2.61189, 9.69374, 5.48467, 10.2171, 12.6311, 14.0987, 29.4152)
(5.95185, 6.06465, 8.19845, 11.5353, 22.9142, 14.4725, 4.12501, 2.92267, 2.97817, 8.97649, 11.8608, 8.4166, 5.48073, 5.20732, 4.93678, 6.06989, 15.9067, 9.23989, 5.68296, 6.30582, 8.34348, 24.4098, 3.29628, 2.75967, 3.09337, 3.07412, 2.44532, 5.66137, 8.32568, 11.7561, 14.1503, 20.2313, 25.2065)
(5.96356, 4.57866, 5.18985, 8.81313, 17.457, 13.06, 3.78352, 3.57469, 3.59367, 16.2495, 17.7365, 10.3644, 6.42746, 9.23975, 6.8632, 8.48857, 18.9757, 9.43979, 5.50212, 4.99343, 5.73314, 13.9724, 3.36935, 3.04357, 3.6302, 2.73763, 1.89657, 5.92972, 4.14349, 10.2535, 11.5637, 18.2434, 35.1888)
(6.19618, 4.10699, 4.35687, 7.40077, 14.2297, 12.1187, 4.15608, 2.70626, 2.5451, 24.9127, 17.2707, 8.91942, 6.2224, 6.56053, 8.09894, 6.38765, 21.837, 8.71926, 5.97421, 8.67143, 5.8363, 12.7728, 2.54073, 3.36889, 4.23013, 2.9175, 3.08419, 5.06471, 6.9028, 8.67006, 11.1671, 29.3343, 22.7196)
(4.05172, 3.73752, 9.61322, 14.5755, 14.735, 4.98741, 3.68374, 2.41512, 1.08239, 33.3197, 7.79856, 5.35958, 7.64995, 5.33751, 3.70833, 1.49242, 2.43881, 5.17588, 8.28439, 7.59287, 12.5352, 40.4251, 0.418505, 1.38478, 0.0839701, 0.381964, 1.36114, 1.13785, 2.49594, 2.95272, 15.9332, 54.0476, 19.8022)
(3.73144, 3.92304, 2.9007, 6.44704, 9.32832, 8.48676, 3.95701, 2.59778, 5.2954, 30.4542, 22.8784, 7.57909, 4.27461, 3.01712, 6.12702, 7.8832, 37.1475, 10.6257, 4.52602, 5.73709, 3.45791, 9.62477, 1.41618, 1.72378, 4.00011, 2.85738, 1.88207, 2.63644, 3.90842, 11.1416, 6.94986, 14.7585, 48.7257)
(4.80785, 4.30129, 5.57989, 11.6472, 30.0368, 15.1162, 3.0004, 2.74916, 7.11264, 6.45239, 9.19618, 11.517, 6.37857, 5.67277, 4.64884, 10.8509, 19.2183, 9.58953, 6.60123, 4.83809, 7.55076, 13.134, 2.3253, 1.54844, 1.33008, 1.11478, 1.21503, 4.67502, 6.58285, 10.3226, 12.6708, 16.9431, 41.272)
(5.98728, 3.96059, 6.44294, 10.2705, 43.1766, 11.2427, 2.95746, 2.4874, 1.93766, 3.5203, 8.01647, 7.84165, 6.86702, 4.40178, 3.38367, 2.74803, 9.61509, 8.4499, 10.0417, 8.73907, 6.97655, 30.9355, 0.67786, 0.861593, 0.354829, 0.25865, 0.259208, 0.757219, 5.69506, 8.84977, 15.6301, 19.7564, 46.8993)
(9.90314, 5.79891, 6.16935, 8.64293, 19.6791, 14.2563, 3.76095, 4.40916, 4.86658, 8.45777, 14.0559, 18.8897, 9.66394, 5.75689, 5.80955, 6.51441, 16.0649, 8.55365, 5.64404, 4.71839, 5.88527, 12.4993, 3.81297, 3.04482, 2.09828, 2.3674, 2.52331, 5.69951, 5.30981, 14.4593, 15.8578, 17.104, 27.7227)
(4.31505, 4.77916, 5.95462, 10.3638, 33.1628, 15.9162, 3.28071, 3.04631, 2.63794, 7.03216, 9.51124, 11.0712, 5.65093, 4.07386, 4.14865, 6.63672, 16.3898, 11.2642, 7.59699, 6.08186, 8.70861, 18.3772, 2.28568, 1.65755, 1.33323, 1.12053, 1.45074, 4.56986, 6.26326, 9.70165, 14.4322, 16.6575, 40.5279)
(5.28717, 4.97568, 6.30253, 11.2639, 29.5219, 15.1005, 3.25096, 3.24698, 4.20116, 6.61465, 10.2347, 11.1748, 7.16894, 6.25917, 4.78325, 6.82108, 19.2004, 11.6439, 7.33837, 5.1671, 6.80536, 13.6374, 3.09449, 2.48982, 1.86958, 1.81526, 1.8581, 5.43436, 6.36266, 9.93323, 14.0491, 16.8337, 36.2598)
(4.84335, 3.85091, 5.47977, 13.4972, 22.6909, 10.6886, 3.65922, 2.58585, 2.69119, 20.5534, 9.4596, 9.48748, 6.46101, 5.64442, 4.4219, 4.24523, 11.5194, 8.18676, 5.4092, 5.73817, 9.7238, 29.1627, 1.95413, 1.71469, 1.30945, 1.20523, 1.14351, 3.95648, 4.59201, 6.92254, 12.6969, 25.2497, 39.2554)
(4.87051, 4.81446, 4.57985, 8.04602, 15.7053, 12.2379, 3.70437, 3.2123, 4.04126, 20.443, 18.345, 9.38963, 5.19707, 7.3564, 6.25485, 9.27885, 24.205, 9.95667, 5.12735, 5.32417, 5.03139, 12.8787, 2.91732, 2.69942, 3.93641, 2.91192, 1.80364, 5.29743, 4.31649, 10.2837, 10.0205, 19.9943, 35.8188)
(4.56596, 5.27178, 5.86445, 7.82456, 13.9589, 10.9389, 6.62567, 8.4936, 5.00562, 7.92758, 23.523, 7.96067, 4.35412, 3.31335, 5.19862, 5.44406, 11.0039, 7.1954, 4.44614, 3.08213, 8.48139, 39.5201, 2.0136, 4.13699, 3.57141, 2.01246, 1.62264, 2.79111, 4.11516, 23.3478, 12.382, 23.5413, 20.4655)
(4.52258, 5.14245, 4.9987, 9.33749, 40.2313, 14.1787, 3.07372, 1.98455, 3.32075, 4.48024, 8.72949, 10.814, 8.76467, 9.084, 5.82865, 8.90225, 20.0837, 9.78641, 6.03595, 3.93324, 5.50463, 11.2625, 1.3871, 1.22451, 0.827425, 0.799502, 0.726051, 4.41633, 8.67618, 9.59946, 14.1585, 14.2116, 43.9733)
(2.10788, 3.41311, 9.93583, 11.9859, 14.7392, 5.63786, 3.03565, 4.68033, 1.40626, 10.0008, 33.0573, 4.38398, 7.64966, 5.3376, 5.00383, 1.81658, 2.1172, 4.85421, 4.39818, 8.24137, 14.479, 41.7184, 0.418668, 1.38429, 0.0830293, 0.705532, 1.03774, 1.78619, 2.49568, 3.27266, 18.5242, 54.0417, 16.2502)
(4.10156, 4.07603, 3.33429, 6.84211, 11.0911, 9.40831, 3.87324, 2.77583, 4.95556, 28.077, 21.4649, 7.99595, 4.41406, 3.64481, 6.23243, 8.05433, 34.4331, 10.3891, 4.87749, 5.66257, 3.77041, 10.5258, 1.85818, 1.90213, 3.8342, 3.08794, 1.62559, 3.50888, 3.90327, 11.1127, 7.69235, 15.8033, 45.6713)
(8.80068, 5.17616, 6.79431, 9.85391, 17.6384, 12.3187, 4.03035, 3.17155, 2.80471, 11.7919, 17.6192, 8.68734, 5.0409, 4.85161, 5.09105, 5.53476, 14.4813, 8.7688, 5.61916, 8.80055, 10.0915, 23.033, 2.92859, 3.45178, 2.92029, 2.80671, 2.44473, 5.28576, 6.55638, 10.8461, 11.6325, 26.5367, 24.5905)
(6.11798, 6.65161, 8.02028, 12.1775, 23.4276, 14.5858, 3.99023, 3.03717, 3.28636, 7.69965, 11.0059, 9.29944, 6.03072, 5.47474, 4.86821, 6.1286, 16.0315, 9.0806, 5.85029, 5.59335, 8.62592, 23.0167, 3.40646, 2.72194, 2.76485, 2.89534, 2.2863, 5.77985, 6.58473, 14.5182, 13.0107, 19.8565, 26.1751)
(5.97452, 6.1077, 8.93745, 14.8887, 20.3599, 14.0304, 4.37572, 2.85247, 3.09918, 7.79304, 11.581, 8.5786, 5.67195, 5.21921, 4.7376, 5.94268, 14.6789, 8.80822, 5.38844, 5.66519, 9.23496, 26.0742, 3.04149, 2.59256, 2.94756, 2.88084, 2.47511, 5.20812, 9.85771, 11.3334, 15.4628, 20.1928, 24.0075)
(12.444, 5.94923, 5.73702, 7.68868, 18.5279, 14.5307, 3.71955, 4.83112, 4.46922, 8.91109, 13.1916, 22.0413, 8.30364, 6.13128, 6.3461, 6.92027, 15.0574, 8.73584, 5.36917, 4.34438, 5.55628, 11.1943, 3.72814, 3.3027, 2.22287, 2.03188, 2.46242, 5.55605, 8.11253, 13.675, 14.7073, 17.1707, 27.0305)
(4.503, 3.27331, 5.59949, 12.3236, 25.4277, 11.1353, 19.4033, 2.07049, 2.34549, 3.3525, 10.5657, 7.2774, 6.88883, 4.50615, 3.85873, 2.72092, 6.76431, 11.3393, 5.75391, 10.6351, 9.46927, 30.7861, 0.692079, 0.875014, 0.744131, 0.291491, 0.262047, 0.793691, 6.92883, 9.10928, 15.1146, 18.8858, 46.303)
(5.35204, 4.84832, 6.28813, 12.8867, 30.4786, 13.9276, 3.20545, 2.87118, 3.82497, 6.50272, 9.81431, 10.3721, 6.50452, 6.04864, 4.37951, 6.84502, 18.8673, 14.3909, 7.52903, 5.27949, 6.89595, 12.8876, 3.13884, 2.64815, 2.0133, 1.74771, 1.57879, 5.14017, 5.44505, 9.48634, 14.5514, 16.7302, 37.5203)
(4.91612, 3.98723, 5.98698, 11.8045, 33.6766, 8.54529, 12.843, 2.37097, 2.3367, 4.12924, 9.40314, 8.26775, 6.7424, 4.28143, 3.85798, 3.54257, 9.90342, 10.8856, 7.50037, 8.63962, 8.43628, 27.9426, 1.01043, 1.07816, 0.709781, 0.493192, 0.528451, 1.43759, 6.10698, 9.18629, 15.1552, 18.719, 45.575)
(5.48978, 4.79964, 5.16065, 9.07093, 18.8044, 14.1152, 4.09368, 3.46937, 3.5781, 15.8792, 15.5391, 10.1663, 5.36339, 7.00888, 6.46813, 7.03732, 22.3684, 10.1233, 5.3013, 5.18481, 5.89594, 15.0824, 3.59021, 2.99212, 3.47689, 2.83924, 2.06143, 6.43472, 4.46844, 10.6469, 11.8292, 18.45, 33.2109)
(5.95548, 4.10349, 4.03287, 11.6947, 44.3889, 10.1795, 2.52361, 1.81237, 2.14983, 4.48403, 8.67508, 9.13251, 5.48655, 4.80817, 3.3331, 5.76366, 18.7405, 23.9155, 7.49659, 4.80292, 6.77679, 9.74353, 1.30278, 1.59624, 1.82351, 0.732533, 0.584729, 2.07818, 2.78531, 8.37228, 18.7445, 15.8482, 46.1318)
(9.06019, 5.29308, 5.91837, 8.91685, 21.6296, 15.7478, 4.21173, 4.486, 3.92061, 9.3508, 11.4649, 15.9342, 6.07253, 5.74959, 7.62588, 6.85624, 17.4764, 9.27248, 5.24783, 5.00091, 6.08595, 14.678, 4.53374, 3.40212, 2.54763, 2.70325, 2.53148, 6.71458, 6.28563, 12.3036, 13.8689, 16.9728, 28.1363)
(4.46073, 4.00812, 5.82913, 13.3874, 22.8179, 10.7663, 3.16522, 3.0406, 2.38544, 20.6553, 9.48375, 9.6327, 6.82356, 4.81134, 4.54248, 4.69551, 11.3028, 8.54313, 5.44563, 5.3037, 9.95312, 28.9459, 1.88061, 1.6724, 1.26409, 1.16752, 1.32343, 3.98087, 4.12286, 6.78325, 10.8707, 26.619, 40.3153)
(4.86778, 4.73362, 5.97748, 10.3942, 32.2182, 15.1179, 3.0562, 3.88591, 4.30188, 5.99683, 9.44989, 11.4284, 7.57614, 6.42176, 4.87383, 7.69222, 20.7734, 10.6919, 6.84739, 4.82367, 6.34628, 12.5249, 2.47877, 1.91822, 1.4393, 1.35714, 1.3907, 4.9238, 7.47587, 10.1129, 13.3254, 15.7809, 39.7971)
(12.82, 4.91346, 6.59864, 8.8313, 14.9465, 10.9959, 4.06279, 3.25572, 2.39361, 9.0815, 22.1004, 7.56769, 4.64213, 4.68704, 5.2331, 4.89876, 11.324, 7.1804, 4.34187, 6.3661, 12.7678, 30.9912, 2.45179, 3.71707, 2.66269, 2.7045, 2.655, 4.309, 6.96813, 9.24032, 11.4361, 30.807, 23.0484)
(7.7637, 6.36583, 8.19138, 8.26275, 26.5518, 9.84472, 3.32977, 7.78771, 3.61875, 7.7653, 10.5183, 35.2956, 8.17554, 3.15882, 4.0417, 5.59115, 11.7448, 6.10665, 5.99748, 3.35648, 5.15494, 11.3767, 2.00717, 2.18223, 4.05492, 2.35338, 1.44223, 3.00493, 3.82812, 23.2709, 12.1598, 24.712, 20.9842)
(5.11258, 3.9484, 6.56596, 7.1696, 44.1508, 14.8336, 2.5411, 2.53395, 1.72925, 4.3371, 7.07775, 11.0633, 2.48648, 3.95699, 3.4706, 9.68985, 38.2117, 7.97036, 5.88783, 2.8579, 3.62193, 10.783, 0.85865, 0.385444, 0.211485, 0.186897, 0.657164, 5.05982, 8.85121, 17.1556, 6.49098, 10.8392, 49.3034)
(6.99574, 4.87763, 6.32025, 10.0741, 22.9299, 16.1254, 4.1065, 4.19901, 3.63943, 9.55494, 11.1772, 12.0548, 5.82035, 5.43321, 6.2038, 6.66758, 18.5041, 9.94156, 5.60436, 4.70719, 6.93695, 18.1261, 4.23311, 3.22783, 2.59663, 2.33213, 2.16958, 7.28404, 5.30467, 11.518, 13.469, 16.7095, 31.1555)
(11.5552, 5.18264, 5.71072, 8.40118, 19.8495, 14.2841, 3.83349, 5.25953, 5.07118, 8.22184, 12.6306, 21.1898, 8.48374, 5.78228, 5.76774, 6.68893, 16.1673, 8.48094, 5.51082, 4.68589, 5.58259, 11.66, 3.90264, 3.1371, 1.9635, 2.30866, 2.77248, 5.78584, 6.82709, 13.7299, 14.7661, 16.5228, 28.2839)
(7.40907, 5.00815, 5.89823, 9.12696, 21.0365, 15.3104, 4.00215, 3.8416, 3.73498, 10.4184, 14.2135, 14.0975, 8.07121, 5.6061, 5.20339, 6.7134, 18.6154, 9.67144, 5.58544, 4.90325, 6.44426, 15.0887, 4.18385, 3.30315, 2.60176, 2.43525, 2.32969, 7.44248, 5.62766, 12.1107, 13.7579, 16.6701, 29.5375)
(5.34684, 5.40274, 6.00196, 11.2196, 18.7164, 13.6546, 3.75013, 4.10874, 3.4244, 12.5306, 15.844, 13.9239, 5.27584, 8.62871, 5.74284, 8.01273, 17.2639, 9.33549, 5.90417, 4.83312, 6.22302, 14.8563, 3.48088, 3.28456, 3.57609, 2.53441, 1.86802, 6.26646, 4.53146, 10.1587, 13.2643, 19.3978, 31.6372)
(5.04244, 5.10557, 5.80402, 12.0606, 23.1709, 15.4958, 4.72896, 4.00145, 3.3102, 9.72829, 11.5518, 12.2071, 5.465, 5.62717, 5.40255, 6.16718, 16.5397, 9.02818, 5.84283, 5.07441, 8.06321, 20.5826, 3.8189, 2.99628, 3.10391, 2.60139, 2.14091, 6.34479, 4.80108, 11.9585, 14.4678, 17.5333, 30.2331)
(7.86208, 4.82494, 6.35334, 9.26175, 20.9876, 14.701, 4.1732, 4.49314, 3.47359, 11.1976, 12.6718, 11.5627, 5.64306, 5.72778, 5.85743, 7.48777, 17.6876, 9.5572, 5.48058, 4.45213, 6.81223, 19.7315, 3.86232, 3.1967, 3.10226, 2.58622, 1.92188, 6.57316, 4.74989, 13.4611, 12.0114, 18.0774, 30.4577)
(3.71181, 4.69023, 5.43897, 10.6464, 39.9075, 14.0234, 2.63721, 3.03638, 2.59385, 4.92105, 8.39312, 8.41155, 6.6042, 3.52998, 2.89534, 5.69125, 11.613, 12.5323, 9.85549, 4.88482, 18.8718, 15.1101, 1.15249, 0.62894, 0.460531, 0.502221, 0.453201, 2.58806, 6.50333, 9.10981, 17.207, 15.9734, 45.421)
(2.8399, 3.98945, 5.69225, 8.19967, 44.7911, 13.7457, 2.0277, 3.08354, 1.60015, 3.61603, 10.4145, 9.1521, 5.94889, 2.9494, 2.68157, 5.85086, 10.8854, 7.1897, 9.88736, 6.83315, 13.9835, 24.6381, 0.906714, 0.23351, 0.234452, 0.331941, 0.31671, 4.84289, 4.46327, 8.5549, 18.7503, 14.9263, 46.439)
(4.01505, 4.22824, 6.36303, 7.27808, 43.0939, 15.4499, 2.30015, 2.46527, 2.09886, 4.73664, 7.97087, 11.3905, 2.86577, 2.94253, 4.13152, 8.10591, 36.1455, 7.89584, 6.28097, 4.13457, 4.49299, 11.6139, 1.09537, 0.415193, 0.33208, 0.486853, 0.769758, 4.89178, 8.95393, 15.2493, 8.38335, 11.7771, 47.6455)
(3.15427, 4.19118, 5.72916, 8.5357, 43.1233, 14.2913, 2.11832, 2.879, 1.94013, 3.9358, 10.1018, 9.75387, 5.58928, 2.98484, 2.88418, 6.51435, 12.1448, 8.63723, 9.15737, 7.73178, 13.5149, 21.0874, 1.11476, 0.427848, 0.386764, 0.482103, 0.590638, 4.36268, 5.22258, 8.63536, 18.2563, 14.8669, 45.654)
(4.04762, 3.92456, 6.97533, 6.89465, 43.4168, 14.9601, 2.76853, 2.46773, 2.01108, 5.16015, 7.37328, 11.4892, 2.43053, 3.35964, 3.86164, 8.72022, 36.8117, 7.87528, 6.28154, 3.5041, 4.30838, 11.3578, 1.02429, 0.373078, 0.426698, 0.45452, 1.02694, 4.89609, 9.03552, 15.458, 7.47086, 11.9411, 47.8931)
(5.31421, 5.00243, 5.0386, 8.05908, 46.2822, 14.0883, 2.34483, 2.02235, 1.04889, 2.09469, 8.70422, 10.7059, 5.00756, 2.05048, 2.70513, 8.65704, 9.63162, 8.75058, 8.69949, 27.4922, 6.09476, 10.2052, 0.697229, 0.0258873, 0.348734, 0.0204638, 0.679507, 4.98611, 4.75001, 6.81424, 19.909, 14.0611, 47.7075)
(5.50966, 3.78256, 6.40495, 7.23581, 46.0798, 13.7323, 2.74179, 2.4025, 1.2263, 4.10066, 6.7838, 11.0661, 1.90541, 4.23437, 2.6794, 10.6598, 39.5272, 8.02412, 5.76454, 2.47162, 3.24704, 10.4203, 0.723617, 0.129945, 0.338047, 0.0804401, 0.387833, 4.85788, 8.55157, 18.4243, 5.60392, 10.8511, 50.0512)
(6.85871, 3.49173, 2.53175, 8.84442, 55.1121, 7.2674, 2.21273, 1.06855, 1.17917, 3.31552, 8.11793, 8.67298, 4.52045, 3.73104, 2.69519, 4.44306, 18.5263, 30.2383, 8.39106, 4.23959, 7.18623, 7.35581, 0.253616, 0.934928, 1.95417, 0.108124, 0.0534554, 0.204076, 0.477535, 8.45006, 23.0129, 13.7495, 50.8017)
(4.58093, 4.04193, 6.58852, 7.22483, 43.2122, 15.0623, 2.6513, 2.53546, 2.02363, 4.67152, 7.40739, 11.261, 2.67414, 3.59862, 3.88674, 8.87651, 37.1533, 7.9249, 6.09165, 3.2725, 4.1691, 11.0915, 1.00518, 0.510824, 0.332689, 0.360785, 0.729655, 4.77155, 10.1469, 14.842, 7.63348, 11.2822, 48.3848)
(6.62116, 3.71842, 2.66023, 10.1343, 53.0864, 7.60058, 2.31965, 1.10325, 1.18721, 3.42904, 8.13971, 8.36189, 4.72702, 3.99081, 2.53536, 4.93189, 18.2298, 30.072, 8.17945, 4.34546, 6.78213, 7.84415, 0.217371, 0.886551, 2.10231, 0.138594, 0.0865471, 0.3402, 0.714308, 8.21641, 22.387, 14.4165, 50.4943)
(6.57854, 3.76688, 2.57804, 9.105, 54.4392, 7.46811, 2.29763, 1.08887, 0.982172, 3.5243, 8.17119, 8.5448, 4.4498, 3.95922, 2.49468, 4.49001, 18.5112, 30.0921, 8.5251, 4.34262, 6.69315, 7.89734, 0.204423, 0.911316, 2.12825, 0.166924, 0.067599, 0.253773, 0.668474, 8.23758, 23.0074, 13.9044, 50.4498)
(2.37037, 3.70603, 5.68692, 7.41069, 47.834, 12.2441, 2.01179, 3.3246, 1.36459, 3.36944, 10.6774, 8.40366, 6.33439, 3.01168, 3.00589, 4.75314, 9.45531, 4.84155, 10.6324, 7.34396, 7.58542, 34.6327, 0.685695, 0.0168116, 0.0149415, 0.333164, 0.0197224, 5.64421, 3.40697, 8.68414, 18.686, 15.3922, 47.1163)
(2.05253, 3.70458, 5.68715, 7.41088, 47.8107, 12.5832, 1.69444, 3.32665, 1.3629, 3.05228, 11.3147, 8.39956, 6.3352, 3.01537, 3.00739, 5.06561, 9.13536, 4.83597, 10.6405, 7.34376, 7.57037, 34.651, 0.685724, 0.0168946, 0.0148599, 0.0148083, 0.0194246, 5.64337, 3.40843, 9.00867, 18.6786, 15.3965, 47.1126)
(4.8357, 4.2069, 6.65129, 6.08371, 43.8139, 15.606, 2.84903, 2.60999, 1.92168, 4.46289, 6.959, 11.1835, 2.45465, 3.54297, 3.87667, 8.70921, 39.0793, 7.51807, 6.36302, 2.75777, 4.08314, 10.4316, 0.86272, 0.474244, 0.305102, 0.330391, 0.571703, 4.40012, 12.7006, 13.0532, 7.48024, 11.5722, 48.2496)
(3.20129, 4.26398, 5.63948, 9.06913, 43.2202, 13.0081, 2.3529, 3.01476, 2.12268, 4.34909, 9.75847, 9.21511, 5.99177, 3.20154, 3.15507, 5.9641, 12.0924, 9.25918, 9.57433, 6.43298, 11.8095, 23.3039, 1.17409, 0.533674, 0.433052, 0.482272, 0.500665, 4.2469, 5.23934, 9.13355, 17.5464, 15.0756, 45.6343)
(4.63003, 4.6114, 5.95076, 9.81174, 36.3159, 13.9682, 4.4765, 2.92903, 2.58819, 5.84361, 8.87468, 9.82543, 5.81259, 4.10002, 3.72657, 5.88559, 14.265, 12.3808, 8.03538, 6.14507, 10.4881, 19.3355, 1.93831, 1.43179, 1.10283, 0.985869, 1.02026, 3.16997, 6.76717, 9.91382, 14.4343, 16.8968, 42.339)
(5.75274, 5.26688, 5.9846, 9.89485, 21.6903, 15.0748, 3.83566, 3.88939, 3.59571, 11.6469, 13.3682, 11.6372, 6.88139, 6.32964, 5.73916, 7.22128, 19.1444, 10.228, 5.81972, 5.27919, 6.36857, 15.3515, 4.13485, 3.4838, 3.22619, 2.66866, 2.02353, 7.40934, 5.02056, 10.1559, 12.223, 17.854, 31.8002)
(4.86743, 6.50388, 6.59219, 9.05673, 23.5262, 16.6094, 4.34974, 4.0371, 3.65723, 9.12897, 11.6711, 13.1178, 5.79007, 5.25138, 5.21099, 6.83236, 19.7582, 10.7398, 6.0201, 5.54287, 6.437, 15.2995, 5.17772, 4.50402, 3.30368, 3.65055, 2.73511, 8.98908, 6.71735, 10.4226, 11.9232, 14.122, 28.4548)
(5.79959, 11.3531, 7.91116, 7.47852, 19.3867, 14.7271, 5.11707, 5.48331, 3.20225, 8.08382, 11.4574, 11.7641, 5.20918, 5.64269, 5.28029, 6.61684, 17.2669, 11.5933, 5.92766, 6.32919, 6.12693, 18.243, 8.40504, 7.33206, 3.54931, 4.4194, 2.84095, 6.45837, 6.74765, 10.256, 11.9226, 13.0537, 25.015)
(5.79959, 11.3531, 7.91116, 7.47852, 19.3867, 14.7271, 5.11707, 5.48331, 3.20225, 8.08382, 11.4574, 11.7641, 5.20918, 5.64269, 5.28029, 6.61684, 17.2669, 11.5933, 5.92766, 6.32919, 6.12693, 18.243, 8.40504, 7.33206, 3.54931, 4.4194, 2.84095, 6.45837, 6.74765, 10.256, 11.9226, 13.0537, 25.015)
(4.86743, 6.50388, 6.59219, 9.05673, 23.5262, 16.6094, 4.34974, 4.0371, 3.65723, 9.12897, 11.6711, 13.1178, 5.79007, 5.25138, 5.21099, 6.83236, 19.7582, 10.7398, 6.0201, 5.54287, 6.437, 15.2995, 5.17772, 4.50402, 3.30368, 3.65055, 2.73511, 8.98908, 6.71735, 10.4226, 11.9232, 14.122, 28.4548)
(4.45541, 5.28934, 6.46479, 8.84377, 24.5947, 16.286, 4.10484, 4.08443, 3.44289, 10.2875, 12.1463, 10.5631, 5.49933, 5.68672, 5.59109, 6.78623, 20.7294, 12.9278, 6.14641, 5.50703, 6.19591, 14.367, 5.23512, 4.55613, 3.41673, 3.26903, 2.46647, 9.139, 6.18492, 10.4229, 12.104, 15.3315, 27.8743)
(4.86345, 6.57793, 13.2298, 8.43797, 21.6293, 15.6555, 4.23442, 4.41243, 3.0452, 8.1634, 9.75062, 13.9514, 6.18909, 5.44143, 7.59847, 7.38086, 18.4947, 10.939, 5.87845, 4.58457, 6.21361, 13.3284, 8.39748, 7.00941, 3.26536, 3.07755, 2.1462, 7.33325, 5.25326, 10.9049, 12.3835, 13.5822, 26.647)
(4.86345, 6.57793, 13.2298, 8.43797, 21.6293, 15.6555, 4.23442, 4.41243, 3.0452, 8.1634, 9.75062, 13.9514, 6.18909, 5.44143, 7.59847, 7.38086, 18.4947, 10.939, 5.87845, 4.58457, 6.21361, 13.3284, 8.39748, 7.00941, 3.26536, 3.07755, 2.1462, 7.33325, 5.25326, 10.9049, 12.3835, 13.5822, 26.647)
(4.45541, 5.28934, 6.46479, 8.84377, 24.5947, 16.286, 4.10484, 4.08443, 3.44289, 10.2875, 12.1463, 10.5631, 5.49933, 5.68672, 5.59109, 6.78623, 20.7294, 12.9278, 6.14641, 5.50703, 6.19591, 14.367, 5.23512, 4.55613, 3.41673, 3.26903, 2.46647, 9.139, 6.18492, 10.4229, 12.104, 15.3315, 27.8743)
(6.00516, 4.52437, 5.75324, 8.49257, 18.8623, 13.3706, 3.49411, 3.26786, 3.25378, 16.1269, 16.8491, 9.56094, 4.8, 4.89218, 4.54579, 7.25313, 16.7312, 10.4095, 7.07513, 13.031, 6.52594, 15.1751, 3.39389, 3.37089, 3.25713, 2.72864, 2.24119, 6.74485, 5.53516, 10.486, 10.264, 25.0028, 26.9754)
(5.9083, 4.23451, 4.50268, 10.378, 43.5923, 10.7706, 2.69088, 2.0189, 2.17233, 4.91468, 8.81691, 9.56515, 5.24447, 4.73072, 3.58097, 5.5884, 19.24, 21.0042, 8.97568, 4.72257, 6.84027, 10.5075, 1.819, 1.79378, 2.04307, 0.953666, 0.759036, 2.66088, 3.17616, 9.13439, 18.6956, 14.769, 44.1955)
(5.75274, 5.26688, 5.9846, 9.89485, 21.6903, 15.0748, 3.83566, 3.88939, 3.59571, 11.6469, 13.3682, 11.6372, 6.88139, 6.32964, 5.73916, 7.22128, 19.1444, 10.228, 5.81972, 5.27919, 6.36857, 15.3515, 4.13485, 3.4838, 3.22619, 2.66866, 2.02353, 7.40934, 5.02056, 10.1559, 12.223, 17.854, 31.8002)
(4.63003, 4.6114, 5.95076, 9.81174, 36.3159, 13.9682, 4.4765, 2.92903, 2.58819, 5.84361, 8.87468, 9.82543, 5.81259, 4.10002, 3.72657, 5.88559, 14.265, 12.3808, 8.03538, 6.14507, 10.4881, 19.3355, 1.93831, 1.43179, 1.10283, 0.985869, 1.02026, 3.16997, 6.76717, 9.91382, 14.4343, 16.8968, 42.339)
(5.9083, 4.23451, 4.50268, 10.378, 43.5923, 10.7706, 2.69088, 2.0189, 2.17233, 4.91468, 8.81691, 9.56515, 5.24447, 4.73072, 3.58097, 5.5884, 19.24, 21.0042, 8.97568, 4.72257, 6.84027, 10.5075, 1.819, 1.79378, 2.04307, 0.953666, 0.759036, 2.66088, 3.17616, 9.13439, 18.6956, 14.769, 44.1955)
(6.00516, 4.52437, 5.75324, 8.49257, 18.8623, 13.3706, 3.49411, 3.26786, 3.25378, 16.1269, 16.8491, 9.56094, 4.8, 4.89218, 4.54579, 7.25313, 16.7312, 10.4095, 7.07513, 13.031, 6.52594, 15.1751, 3.39389, 3.37089, 3.25713, 2.72864, 2.24119, 6.74485, 5.53516, 10.486, 10.264, 25.0028, 26.9754)
(5.9083, 4.23451, 4.50268, 10.378, 43.5923, 10.7706, 2.69088, 2.0189, 2.17233, 4.91468, 8.81691, 9.56515, 5.24447, 4.73072, 3.58097, 5.5884, 19.24, 21.0042, 8.97568, 4.72257, 6.84027, 10.5075, 1.819, 1.79378, 2.04307, 0.953666, 0.759036, 2.66088, 3.17616, 9.13439, 18.6956, 14.769, 44.1955)
(4.63003, 4.6114, 5.95076, 9.81174, 36.3159, 13.9682, 4.4765, 2.92903, 2.58819, 5.84361, 8.87468, 9.82543, 5.81259, 4.10002, 3.72657, 5.88559, 14.265, 12.3808, 8.03538, 6.14507, 10.4881, 19.3355, 1.93831, 1.43179, 1.10283, 0.985869, 1.02026, 3.16997, 6.76717, 9.91382, 14.4343, 16.8968, 42.339)
(5.79959, 11.3531, 7.91116, 7.47852, 19.3867, 14.7271, 5.11707, 5.48331, 3.20225, 8.08382, 11.4574, 11.7641, 5.20918, 5.64269, 5.28029, 6.61684, 17.2669, 11.5933, 5.92766, 6.32919, 6.12693, 18.243, 8.40504, 7.33206, 3.54931, 4.4194, 2.84095, 6.45837, 6.74765, 10.256, 11.9226, 13.0537, 25.015)
(4.86345, 6.57793, 13.2298, 8.43797, 21.6293, 15.6555, 4.23442, 4.41243, 3.0452, 8.1634, 9.75062, 13.9514, 6.18909, 5.44143, 7.59847, 7.38086, 18.4947, 10.939, 5.87845, 4.58457, 6.21361, 13.3284, 8.39748, 7.00941, 3.26536, 3.07755, 2.1462, 7.33325, 5.25326, 10.9049, 12.3835, 13.5822, 26.647)
(4.45541, 5.28934, 6.46479, 8.84377, 24.5947, 16.286, 4.10484, 4.08443, 3.44289, 10.2875, 12.1463, 10.5631, 5.49933, 5.68672, 5.59109, 6.78623, 20.7294, 12.9278, 6.14641, 5.50703, 6.19591, 14.367, 5.23512, 4.55613, 3.41673, 3.26903, 2.46647, 9.139, 6.18492, 10.4229, 12.104, 15.3315, 27.8743)
(4.86743, 6.50388, 6.59219, 9.05673, 23.5262, 16.6094, 4.34974, 4.0371, 3.65723, 9.12897, 11.6711, 13.1178, 5.79007, 5.25138, 5.21099, 6.83236, 19.7582, 10.7398, 6.0201, 5.54287, 6.437, 15.2995, 5.17772, 4.50402, 3.30368, 3.65055, 2.73511, 8.98908, 6.71735, 10.4226, 11.9232, 14.122, 28.4548)
(5.75274, 5.26688, 5.9846, 9.89485, 21.6903, 15.0748, 3.83566, 3.88939, 3.59571, 11.6469, 13.3682, 11.6372, 6.88139, 6.32964, 5.73916, 7.22128, 19.1444, 10.228, 5.81972, 5.27919, 6.36857, 15.3515, 4.13485, 3.4838, 3.22619, 2.66866, 2.02353, 7.40934, 5.02056, 10.1559, 12.223, 17.854, 31.8002)
(6.00516, 4.52437, 5.75324, 8.49257, 18.8623, 13.3706, 3.49411, 3.26786, 3.25378, 16.1269, 16.8491, 9.56094, 4.8, 4.89218, 4.54579, 7.25313, 16.7312, 10.4095, 7.07513, 13.031, 6.52594, 15.1751, 3.39389, 3.37089, 3.25713, 2.72864, 2.24119, 6.74485, 5.53516, 10.486, 10.264, 25.0028, 26.9754)
(5.58298, 6.45706, 8.31434, 10.8134, 20.9425, 11.6983, 5.52337, 6.55408, 3.83535, 9.00681, 11.2718, 13.9334, 6.66594, 5.09859, 8.5446, 7.78358, 12.1934, 10.108, 7.33431, 5.61481, 7.63778, 15.0857, 6.52373, 4.82166, 3.61027, 3.85045, 2.7502, 1.60764, 7.08164, 11.1213, 13.2062, 16.8574, 28.5696)
(5.58298, 6.45706, 8.31434, 10.8134, 20.9425, 11.6983, 5.52337, 6.55408, 3.83535, 9.00681, 11.2718, 13.9334, 6.66594, 5.09859, 8.5446, 7.78358, 12.1934, 10.108, 7.33431, 5.61481, 7.63778, 15.0857, 6.52373, 4.82166, 3.61027, 3.85045, 2.7502, 1.60764, 7.08164, 11.1213, 13.2062, 16.8574, 28.5696)
(5.58298, 6.45706, 8.31434, 10.8134, 20.9425, 11.6983, 5.52337, 6.55408, 3.83535, 9.00681, 11.2718, 13.9334, 6.66594, 5.09859, 8.5446, 7.78358, 12.1934, 10.108, 7.33431, 5.61481, 7.63778, 15.0857, 6.52373, 4.82166, 3.61027, 3.85045, 2.7502, 1.60764, 7.08164, 11.1213, 13.2062, 16.8574, 28.5696)
(5.58298, 6.45706, 8.31434, 10.8134, 20.9425, 11.6983, 5.52337, 6.55408, 3.83535, 9.00681, 11.2718, 13.9334, 6.66594, 5.09859, 8.5446, 7.78358, 12.1934, 10.108, 7.33431, 5.61481, 7.63778, 15.0857, 6.52373, 4.82166, 3.61027, 3.85045, 2.7502, 1.60764, 7.08164, 11.1213, 13.2062, 16.8574, 28.5696)
(5.58298, 6.45706, 8.31434, 10.8134, 20.9425, 11.6983, 5.52337, 6.55408, 3.83535, 9.00681, 11.2718, 13.9334, 6.66594, 5.09859, 8.5446, 7.78358, 12.1934, 10.108, 7.33431, 5.61481, 7.63778, 15.0857, 6.52373, 4.82166, 3.61027, 3.85045, 2.7502, 1.60764, 7.08164, 11.1213, 13.2062, 16.8574, 28.5696)
(5.58298, 6.45706, 8.31434, 10.8134, 20.9425, 11.6983, 5.52337, 6.55408, 3.83535, 9.00681, 11.2718, 13.9334, 6.66594, 5.09859, 8.5446, 7.78358, 12.1934, 10.108, 7.33431, 5.61481, 7.63778, 15.0857, 6.52373, 4.82166, 3.61027, 3.85045, 2.7502, 1.60764, 7.08164, 11.1213, 13.2062, 16.8574, 28.5696)
(5.58298, 6.45706, 8.31434, 10.8134, 20.9425, 11.6983, 5.52337, 6.55408, 3.83535, 9.00681, 11.2718, 13.9334, 6.66594, 5.09859, 8.5446, 7.78358, 12.1934, 10.108, 7.33431, 5.61481, 7.63778, 15.0857, 6.52373, 4.82166, 3.61027, 3.85045, 2.7502, 1.60764, 7.08164, 11.1213, 13.2062, 16.8574, 28.5696)
(5.58298, 6.45706, 8.31434, 10.8134, 20.9425, 11.6983, 5.52337, 6.55408, 3.83535, 9.00681, 11.2718, 13.9334, 6.66594, 5.09859, 8.5446, 7.78358, 12.1934, 10.108, 7.33431, 5.61481, 7.63778, 15.0857, 6.52373, 4.82166, 3.61027, 3.85045, 2.7502, 1.60764, 7.08164, 11.1213, 13.2062, 16.8574, 28.5696)
(5.58298, 6.45706, 8.31434, 10.8134, 20.9425, 11.6983, 5.52337, 6.55408, 3.83535, 9.00681, 11.2718, 13.9334, 6.66594, 5.09859, 8.5446, 7.78358, 12.1934, 10.108, 7.33431, 5.61481, 7.63778, 15.0857, 6.52373, 4.82166, 3.61027, 3.85045, 2.7502, 1.60764, 7.08164, 11.1213, 13.2062, 16.8574, 28.5696)
(5.58298, 6.45706, 8.31434, 10.8134, 20.9425, 11.6983, 5.52337, 6.55408, 3.83535, 9.00681, 11.2718, 13.9334, 6.66594, 5.09859, 8.5446, 7.78358, 12.1934, 10.108, 7.33431, 5.61481, 7.63778, 15.0857, 6.52373, 4.82166, 3.61027, 3.85045, 2.7502, 1.60764, 7.08164, 11.1213, 13.2062, 16.8574, 28.5696)
(5.58298, 6.45706, 8.31434, 10.8134, 20.9425, 11.6983, 5.52337, 6.55408, 3.83535, 9.00681, 11.2718, 13.9334, 6.66594, 5.09859, 8.5446, 7.78358, 12.1934, 10.108, 7.33431, 5.61481, 7.63778, 15.0857, 6.52373, 4.82166, 3.61027, 3.85045, 2.7502, 1.60764, 7.08164, 11.1213, 13.2062, 16.8574, 28.5696)
(5.58298, 6.45706, 8.31434, 10.8134, 20.9425, 11.6983, 5.52337, 6.55408, 3.83535, 9.00681, 11.2718, 13.9334, 6.66594, 5.09859, 8.5446, 7.78358, 12.1934, 10.108, 7.33431, 5.61481, 7.63778, 15.0857, 6.52373, 4.82166, 3.61027, 3.85045, 2.7502, 1.60764, 7.08164, 11.1213, 13.2062, 16.8574, 28.5696)
(5.58298, 6.45706, 8.31434, 10.8134, 20.9425, 11.6983, 5.52337, 6.55408, 3.83535, 9.00681, 11.2718, 13.9334, 6.66594, 5.09859, 8.5446, 7.78358, 12.1934, 10.108, 7.33431, 5.61481, 7.63778, 15.0857, 6.52373, 4.82166, 3.61027, 3.85045, 2.7502, 1.60764, 7.08164, 11.1213, 13.2062, 16.8574, 28.5696)
(5.58298, 6.45706, 8.31434, 10.8134, 20.9425, 11.6983, 5.52337, 6.55408, 3.83535, 9.00681, 11.2718, 13.9334, 6.66594, 5.09859, 8.5446, 7.78358, 12.1934, 10.108, 7.33431, 5.61481, 7.63778, 15.0857, 6.52373, 4.82166, 3.61027, 3.85045, 2.7502, 1.60764, 7.08164, 11.1213, 13.2062, 16.8574, 28.5696)
(5.58298, 6.45706, 8.31434, 10.8134, 20.9425, 11.6983, 5.52337, 6.55408, 3.83535, 9.00681, 11.2718, 13.9334, 6.66594, 5.09859, 8.5446, 7.78358, 12.1934, 10.108, 7.33431, 5.61481, 7.63778, 15.0857, 6.52373, 4.82166, 3.61027, 3.85045, 2.7502, 1.60764, 7.08164, 11.1213, 13.2062, 16.8574, 28.5696)
(5.58298, 6.45706, 8.31434, 10.8134, 20.9425, 11.6983, 5.52337, 6.55408, 3.83535, 9.00681, 11.2718, 13.9334, 6.66594, 5.09859, 8.5446, 7.78358, 12.1934, 10.108, 7.33431, 5.61481, 7.63778, 15.0857, 6.52373, 4.82166, 3.61027, 3.85045, 2.7502, 1.60764, 7.08164, 11.1213, 13.2062, 16.8574, 28.5696)
(5.58298, 6.45706, 8.31434, 10.8134, 20.9425, 11.6983, 5.52337, 6.55408, 3.83535, 9.00681, 11.2718, 13.9334, 6.66594, 5.09859, 8.5446, 7.78358, 12.1934, 10.108, 7.33431, 5.61481, 7.63778, 15.0857, 6.52373, 4.82166, 3.61027, 3.85045, 2.7502, 1.60764, 7.08164, 11.1213, 13.2062, 16.8574, 28.5696)
(5.58298, 6.45706, 8.31434, 10.8134, 20.9425, 11.6983, 5.52337, 6.55408, 3.83535, 9.00681, 11.2718, 13.9334, 6.66594, 5.09859, 8.5446, 7.78358, 12.1934, 10.108, 7.33431, 5.61481, 7.63778, 15.0857, 6.52373, 4.82166, 3.61027, 3.85045, 2.7502, 1.60764, 7.08164, 11.1213, 13.2062, 16.8574, 28.5696)
(5.58298, 6.45706, 8.31434, 10.8134, 20.9425, 11.6983, 5.52337, 6.55408, 3.83535, 9.00681, 11.2718, 13.9334, 6.66594, 5.09859, 8.5446, 7.78358, 12.1934, 10.108, 7.33431, 5.61481, 7.63778, 15.0857, 6.52373, 4.82166, 3.61027, 3.85045, 2.7502, 1.60764, 7.08164, 11.1213, 13.2062, 16.8574, 28.5696)
(5.58298, 6.45706, 8.31434, 10.8134, 20.9425, 11.6983, 5.52337, 6.55408, 3.83535, 9.00681, 11.2718, 13.9334, 6.66594, 5.09859, 8.5446, 7.78358, 12.1934, 10.108, 7.33431, 5.61481, 7.63778, 15.0857, 6.52373, 4.82166, 3.61027, 3.85045, 2.7502, 1.60764, 7.08164, 11.1213, 13.2062, 16.8574, 28.5696)
(5.58298, 6.45706, 8.31434, 10.8134, 20.9425, 11.6983, 5.52337, 6.55408, 3.83535, 9.00681, 11.2718, 13.9334, 6.66594, 5.09859, 8.5446, 7.78358, 12.1934, 10.108, 7.33431, 5.61481, 7.63778, 15.0857, 6.52373, 4.82166, 3.61027, 3.85045, 2.7502, 1.60764, 7.08164, 11.1213, 13.2062, 16.8574, 28.5696)
(5.58298, 6.45706, 8.31434, 10.8134, 20.9425, 11.6983, 5.52337, 6.55408, 3.83535, 9.00681, 11.2718, 13.9334, 6.66594, 5.09859, 8.5446, 7.78358, 12.1934, 10.108, 7.33431, 5.61481, 7.63778, 15.0857, 6.52373, 4.82166, 3.61027, 3.85045, 2.7502, 1.60764, 7.08164, 11.1213, 13.2062, 16.8574, 28.5696)
(5.58298, 6.45706, 8.31434, 10.8134, 20.9425, 11.6983, 5.52337, 6.55408, 3.83535, 9.00681, 11.2718, 13.9334, 6.66594, 5.09859, 8.5446, 7.78358, 12.1934, 10.108, 7.33431, 5.61481, 7.63778, 15.0857, 6.52373, 4.82166, 3.61027, 3.85045, 2.7502, 1.60764, 7.08164, 11.1213, 13.2062, 16.8574, 28.5696)
(5.58298, 6.45706, 8.31434, 10.8134, 20.9425, 11.6983, 5.52337, 6.55408, 3.83535, 9.00681, 11.2718, 13.9334, 6.66594, 5.09859, 8.5446, 7.78358, 12.1934, 10.108, 7.33431, 5.61481, 7.63778, 15.0857, 6.52373, 4.82166, 3.61027, 3.85045, 2.7502, 1.60764, 7.08164, 11.1213, 13.2062, 16.8574, 28.5696)
(5.58298, 6.45706, 8.31434, 10.8134, 20.9425, 11.6983, 5.52337, 6.55408, 3.83535, 9.00681, 11.2718, 13.9334, 6.66594, 5.09859, 8.5446, 7.78358, 12.1934, 10.108, 7.33431, 5.61481, 7.63778, 15.0857, 6.52373, 4.82166, 3.61027, 3.85045, 2.7502, 1.60764, 7.08164, 11.1213, 13.2062, 16.8574, 28.5696)
(5.58298, 6.45706, 8.31434, 10.8134, 20.9425, 11.6983, 5.52337, 6.55408, 3.83535, 9.00681, 11.2718, 13.9334, 6.66594, 5.09859, 8.5446, 7.78358, 12.1934, 10.108, 7.33431, 5.61481, 7.63778, 15.0857, 6.52373, 4.82166, 3.61027, 3.85045, 2.7502, 1.60764, 7.08164, 11.1213, 13.2062, 16.8574, 28.5696)
(5.58298, 6.45706, 8.31434, 10.8134, 20.9425, 11.6983, 5.52337, 6.55408, 3.83535, 9.00681, 11.2718, 13.9334, 6.66594, 5.09859, 8.5446, 7.78358, 12.1934, 10.108, 7.33431, 5.61481, 7.63778, 15.0857, 6.52373, 4.82166, 3.61027, 3.85045, 2.7502, 1.60764, 7.08164, 11.1213, 13.2062, 16.8574, 28.5696)
(5.58298, 6.45706, 8.31434, 10.8134, 20.9425, 11.6983, 5.52337, 6.55408, 3.83535, 9.00681, 11.2718, 13.9334, 6.66594, 5.09859, 8.5446, 7.78358, 12.1934, 10.108, 7.33431, 5.61481, 7.63778, 15.0857, 6.52373, 4.82166, 3.61027, 3.85045, 2.7502, 1.60764, 7.08164, 11.1213, 13.2062, 16.8574, 28.5696)
(5.58298, 6.45706, 8.31434, 10.8134, 20.9425, 11.6983, 5.52337, 6.55408, 3.83535, 9.00681, 11.2718, 13.9334, 6.66594, 5.09859, 8.5446, 7.78358, 12.1934, 10.108, 7.33431, 5.61481, 7.63778, 15.0857, 6.52373, 4.82166, 3.61027, 3.85045, 2.7502, 1.60764, 7.08164, 11.1213, 13.2062, 16.8574, 28.5696)
(5.58298, 6.45706, 8.31434, 10.8134, 20.9425, 11.6983, 5.52337, 6.55408, 3.83535, 9.00681, 11.2718, 13.9334, 6.66594, 5.09859, 8.5446, 7.78358, 12.1934, 10.108, 7.33431, 5.61481, 7.63778, 15.0857, 6.52373, 4.82166, 3.61027, 3.85045, 2.7502, 1.60764, 7.08164, 11.1213, 13.2062, 16.8574, 28.5696)
(5.58298, 6.45706, 8.31434, 10.8134, 20.9425, 11.6983, 5.52337, 6.55408, 3.83535, 9.00681, 11.2718, 13.9334, 6.66594, 5.09859, 8.5446, 7.78358, 12.1934, 10.108, 7.33431, 5.61481, 7.63778, 15.0857, 6.52373, 4.82166, 3.61027, 3.85045, 2.7502, 1.60764, 7.08164, 11.1213, 13.2062, 16.8574, 28.5696)
(5.58298, 6.45706, 8.31434, 10.8134, 20.9425, 11.6983, 5.52337, 6.55408, 3.83535, 9.00681, 11.2718, 13.9334, 6.66594, 5.09859, 8.5446, 7.78358, 12.1934, 10.108, 7.33431, 5.61481, 7.63778, 15.0857, 6.52373, 4.82166, 3.61027, 3.85045, 2.7502, 1.60764, 7.08164, 11.1213, 13.2062, 16.8574, 28.5696)
(5.58298, 6.45706, 8.31434, 10.8134, 20.9425, 11.6983, 5.52337, 6.55408, 3.83535, 9.00681, 11.2718, 13.9334, 6.66594, 5.09859, 8.5446, 7.78358, 12.1934, 10.108, 7.33431, 5.61481, 7.63778, 15.0857, 6.52373, 4.82166, 3.61027, 3.85045, 2.7502, 1.60764, 7.08164, 11.1213, 13.2062, 16.8574, 28.5696)
(5.58298, 6.45706, 8.31434, 10.8134, 20.9425, 11.6983, 5.52337, 6.55408, 3.83535, 9.00681, 11.2718, 13.9334, 6.66594, 5.09859, 8.5446, 7.78358, 12.1934, 10.108, 7.33431, 5.61481, 7.63778, 15.0857, 6.52373, 4.82166, 3.61027, 3.85045, 2.7502, 1.60764, 7.08164, 11.1213, 13.2062, 16.8574, 28.5696)
(5.58298, 6.45706, 8.31434, 10.8134, 20.9425, 11.6983, 5.52337, 6.55408, 3.83535, 9.00681, 11.2718, 13.9334, 6.66594, 5.09859, 8.5446, 7.78358, 12.1934, 10.108, 7.33431, 5.61481, 7.63778, 15.0857, 6.52373, 4.82166, 3.61027, 3.85045, 2.7502, 1.60764, 7.08164, 11.1213, 13.2062, 16.8574, 28.5696)
(5.58298, 6.45706, 8.31434, 10.8134, 20.9425, 11.6983, 5.52337, 6.55408, 3.83535, 9.00681, 11.2718, 13.9334, 6.66594, 5.09859, 8.5446, 7.78358, 12.1934, 10.108, 7.33431, 5.61481, 7.63778, 15.0857, 6.52373, 4.82166, 3.61027, 3.85045, 2.7502, 1.60764, 7.08164, 11.1213, 13.2062, 16.8574, 28.5696)
(5.58298, 6.45706, 8.31434, 10.8134, 20.9425, 11.6983, 5.52337, 6.55408, 3.83535, 9.00681, 11.2718, 13.9334, 6.66594, 5.09859, 8.5446, 7.78358, 12.1934, 10.108, 7.33431, 5.61481, 7.63778, 15.0857, 6.52373, 4.82166, 3.61027, 3.85045, 2.7502, 1.60764, 7.08164, 11.1213, 13.2062, 16.8574, 28.5696)
(5.58298, 6.45706, 8.31434, 10.8134, 20.9425, 11.6983, 5.52337, 6.55408, 3.83535, 9.00681, 11.2718, 13.9334, 6.66594, 5.09859, 8.5446, 7.78358, 12.1934, 10.108, 7.33431, 5.61481, 7.63778, 15.0857, 6.52373, 4.82166, 3.61027, 3.85045, 2.7502, 1.60764, 7.08164, 11.1213, 13.2062, 16.8574, 28.5696)
(5.58298, 6.45706, 8.31434, 10.8134, 20.9425, 11.6983, 5.52337, 6.55408, 3.83535, 9.00681, 11.2718, 13.9334, 6.66594, 5.09859, 8.5446, 7.78358, 12.1934, 10.108, 7.33431, 5.61481, 7.63778, 15.0857, 6.52373, 4.82166, 3.61027, 3.85045, 2.7502, 1.60764, 7.08164, 11.1213, 13.2062, 16.8574, 28.5696)
(5.58298, 6.45706, 8.31434, 10.8134, 20.9425, 11.6983, 5.52337, 6.55408, 3.83535, 9.00681, 11.2718, 13.9334, 6.66594, 5.09859, 8.5446, 7.78358, 12.1934, 10.108, 7.33431, 5.61481, 7.63778, 15.0857, 6.52373, 4.82166, 3.61027, 3.85045, 2.7502, 1.60764, 7.08164, 11.1213, 13.2062, 16.8574, 28.5696)
(5.58298, 6.45706, 8.31434, 10.8134, 20.9425, 11.6983, 5.52337, 6.55408, 3.83535, 9.00681, 11.2718, 13.9334, 6.66594, 5.09859, 8.5446, 7.78358, 12.1934, 10.108, 7.33431, 5.61481, 7.63778, 15.0857, 6.52373, 4.82166, 3.61027, 3.85045, 2.7502, 1.60764, 7.08164, 11.1213, 13.2062, 16.8574, 28.5696)
(5.58298, 6.45706, 8.31434, 10.8134, 20.9425, 11.6983, 5.52337, 6.55408, 3.83535, 9.00681, 11.2718, 13.9334, 6.66594, 5.09859, 8.5446, 7.78358, 12.1934, 10.108, 7.33431, 5.61481, 7.63778, 15.0857, 6.52373, 4.82166, 3.61027, 3.85045, 2.7502, 1.60764, 7.08164, 11.1213, 13.2062, 16.8574, 28.5696)
(5.58298, 6.45706, 8.31434, 10.8134, 20.9425, 11.6983, 5.52337, 6.55408, 3.83535, 9.00681, 11.2718, 13.9334, 6.66594, 5.09859, 8.5446, 7.78358, 12.1934, 10.108, 7.33431, 5.61481, 7.63778, 15.0857, 6.52373, 4.82166, 3.61027, 3.85045, 2.7502, 1.60764, 7.08164, 11.1213, 13.2062, 16.8574, 28.5696)
(5.58298, 6.45706, 8.31434, 10.8134, 20.9425, 11.6983, 5.52337, 6.55408, 3.83535, 9.00681, 11.2718, 13.9334, 6.66594, 5.09859, 8.5446, 7.78358, 12.1934, 10.108, 7.33431, 5.61481, 7.63778, 15.0857, 6.52373, 4.82166, 3.61027, 3.85045, 2.7502, 1.60764, 7.08164, 11.1213, 13.2062, 16.8574, 28.5696)
(5.58298, 6.45706, 8.31434, 10.8134, 20.9425, 11.6983, 5.52337, 6.55408, 3.83535, 9.00681, 11.2718, 13.9334, 6.66594, 5.09859, 8.5446, 7.78358, 12.1934, 10.108, 7.33431, 5.61481, 7.63778, 15.0857, 6.52373, 4.82166, 3.61027, 3.85045, 2.7502, 1.60764, 7.08164, 11.1213, 13.2062, 16.8574, 28.5696)
(5.58298, 6.45706, 8.31434, 10.8134, 20.9425, 11.6983, 5.52337, 6.55408, 3.83535, 9.00681, 11.2718, 13.9334, 6.66594, 5.09859, 8.5446, 7.78358, 12.1934, 10.108, 7.33431, 5.61481, 7.63778, 15.0857, 6.52373, 4.82166, 3.61027, 3.85045, 2.7502, 1.60764, 7.08164, 11.1213, 13.2062, 16.8574, 28.5696)
(5.58298, 6.45706, 8.31434, 10.8134, 20.9425, 11.6983, 5.52337, 6.55408, 3.83535, 9.00681, 11.2718, 13.9334, 6.66594, 5.09859, 8.5446, 7.78358, 12.1934, 10.108, 7.33431, 5.61481, 7.63778, 15.0857, 6.52373, 4.82166, 3.61027, 3.85045, 2.7502, 1.60764, 7.08164, 11.1213, 13.2062, 16.8574, 28.5696)
(5.58298, 6.45706, 8.31434, 10.8134, 20.9425, 11.6983, 5.52337, 6.55408, 3.83535, 9.00681, 11.2718, 13.9334, 6.66594, 5.09859, 8.5446, 7.78358, 12.1934, 10.108, 7.33431, 5.61481, 7.63778, 15.0857, 6.52373, 4.82166, 3.61027, 3.85045, 2.7502, 1.60764, 7.08164, 11.1213, 13.2062, 16.8574, 28.5696)
(5.58298, 6.45706, 8.31434, 10.8134, 20.9425, 11.6983, 5.52337, 6.55408, 3.83535, 9.00681, 11.2718, 13.9334, 6.66594, 5.09859, 8.5446, 7.78358, 12.1934, 10.108, 7.33431, 5.61481, 7.63778, 15.0857, 6.52373, 4.82166, 3.61027, 3.85045, 2.7502, 1.60764, 7.08164, 11.1213, 13.2062, 16.8574, 28.5696)
(5.58298, 6.45706, 8.31434, 10.8134, 20.9425, 11.6983, 5.52337, 6.55408, 3.83535, 9.00681, 11.2718, 13.9334, 6.66594, 5.09859, 8.5446, 7.78358, 12.1934, 10.108, 7.33431, 5.61481, 7.63778, 15.0857, 6.52373, 4.82166, 3.61027, 3.85045, 2.7502, 1.60764, 7.08164, 11.1213, 13.2062, 16.8574, 28.5696)
(5.58298, 6.45706, 8.31434, 10.8134, 20.9425, 11.6983, 5.52337, 6.55408, 3.83535, 9.00681, 11.2718, 13.9334, 6.66594, 5.09859, 8.5446, 7.78358, 12.1934, 10.108, 7.33431, 5.61481, 7.63778, 15.0857, 6.52373, 4.82166, 3.61027, 3.85045, 2.7502, 1.60764, 7.08164, 11.1213, 13.2062, 16.8574, 28.5696)
(5.58298, 6.45706, 8.31434, 10.8134, 20.9425, 11.6983, 5.52337, 6.55408, 3.83535, 9.00681, 11.2718, 13.9334, 6.66594, 5.09859, 8.5446, 7.78358, 12.1934, 10.108, 7.33431, 5.61481, 7.63778, 15.0857, 6.52373, 4.82166, 3.61027, 3.85045, 2.7502, 1.60764, 7.08164, 11.1213, 13.2062, 16.8574, 28.5696)
(5.58298, 6.45706, 8.31434, 10.8134, 20.9425, 11.6983, 5.52337, 6.55408, 3.83535, 9.00681, 11.2718, 13.9334, 6.66594, 5.09859, 8.5446, 7.78358, 12.1934, 10.108, 7.33431, 5.61481, 7.63778, 15.0857, 6.52373, 4.82166, 3.61027, 3.85045, 2.7502, 1.60764, 7.08164, 11.1213, 13.2062, 16.8574, 28.5696)
(5.58298, 6.45706, 8.31434, 10.8134, 20.9425, 11.6983, 5.52337, 6.55408, 3.83535, 9.00681, 11.2718, 13.9334, 6.66594, 5.09859, 8.5446, 7.78358, 12.1934, 10.108, 7.33431, 5.61481, 7.63778, 15.0857, 6.52373, 4.82166, 3.61027, 3.85045, 2.7502, 1.60764, 7.08164, 11.1213, 13.2062, 16.8574, 28.5696)
(5.58298, 6.45706, 8.31434, 10.8134, 20.9425, 11.6983, 5.52337, 6.55408, 3.83535, 9.00681, 11.2718, 13.9334, 6.66594, 5.09859, 8.5446, 7.78358, 12.1934, 10.108, 7.33431, 5.61481, 7.63778, 15.0857, 6.52373, 4.82166, 3.61027, 3.85045, 2.7502, 1.60764, 7.08164, 11.1213, 13.2062, 16.8574, 28.5696)
(5.58298, 6.45706, 8.31434, 10.8134, 20.9425, 11.6983, 5.52337, 6.55408, 3.83535, 9.00681, 11.2718, 13.9334, 6.66594, 5.09859, 8.5446, 7.78358, 12.1934, 10.108, 7.33431, 5.61481, 7.63778, 15.0857, 6.52373, 4.82166, 3.61027, 3.85045, 2.7502, 1.60764, 7.08164, 11.1213, 13.2062, 16.8574, 28.5696)
(5.58298, 6.45706, 8.31434, 10.8134, 20.9425, 11.6983, 5.52337, 6.55408, 3.83535, 9.00681, 11.2718, 13.9334, 6.66594, 5.09859, 8.5446, 7.78358, 12.1934, 10.108, 7.33431, 5.61481, 7.63778, 15.0857, 6.52373, 4.82166, 3.61027, 3.85045, 2.7502, 1.60764, 7.08164, 11.1213, 13.2062, 16.8574, 28.5696)
(5.58298, 6.45706, 8.31434, 10.8134, 20.9425, 11.6983, 5.52337, 6.55408, 3.83535, 9.00681, 11.2718, 13.9334, 6.66594, 5.09859, 8.5446, 7.78358, 12.1934, 10.108, 7.33431, 5.61481, 7.63778, 15.0857, 6.52373, 4.82166, 3.61027, 3.85045, 2.7502, 1.60764, 7.08164, 11.1213, 13.2062, 16.8574, 28.5696)
(5.58298, 6.45706, 8.31434, 10.8134, 20.9425, 11.6983, 5.52337, 6.55408, 3.83535, 9.00681, 11.2718, 13.9334, 6.66594, 5.09859, 8.5446, 7.78358, 12.1934, 10.108, 7.33431, 5.61481, 7.63778, 15.0857, 6.52373, 4.82166, 3.61027, 3.85045, 2.7502, 1.60764, 7.08164, 11.1213, 13.2062, 16.8574, 28.5696)
(5.58298, 6.45706, 8.31434, 10.8134, 20.9425, 11.6983, 5.52337, 6.55408, 3.83535, 9.00681, 11.2718, 13.9334, 6.66594, 5.09859, 8.5446, 7.78358, 12.1934, 10.108, 7.33431, 5.61481, 7.63778, 15.0857, 6.52373, 4.82166, 3.61027, 3.85045, 2.7502, 1.60764, 7.08164, 11.1213, 13.2062, 16.8574, 28.5696)
(5.58298, 6.45706, 8.31434, 10.8134, 20.9425, 11.6983, 5.52337, 6.55408, 3.83535, 9.00681, 11.2718, 13.9334, 6.66594, 5.09859, 8.5446, 7.78358, 12.1934, 10.108, 7.33431, 5.61481, 7.63778, 15.0857, 6.52373, 4.82166, 3.61027, 3.85045, 2.7502, 1.60764, 7.08164, 11.1213, 13.2062, 16.8574, 28.5696)
(5.58298, 6.45706, 8.31434, 10.8134, 20.9425, 11.6983, 5.52337, 6.55408, 3.83535, 9.00681, 11.2718, 13.9334, 6.66594, 5.09859, 8.5446, 7.78358, 12.1934, 10.108, 7.33431, 5.61481, 7.63778, 15.0857, 6.52373, 4.82166, 3.61027, 3.85045, 2.7502, 1.60764, 7.08164, 11.1213, 13.2062, 16.8574, 28.5696)
(5.58298, 6.45706, 8.31434, 10.8134, 20.9425, 11.6983, 5.52337, 6.55408, 3.83535, 9.00681, 11.2718, 13.9334, 6.66594, 5.09859, 8.5446, 7.78358, 12.1934, 10.108, 7.33431, 5.61481, 7.63778, 15.0857, 6.52373, 4.82166, 3.61027, 3.85045, 2.7502, 1.60764, 7.08164, 11.1213, 13.2062, 16.8574, 28.5696)
(5.58298, 6.45706, 8.31434, 10.8134, 20.9425, 11.6983, 5.52337, 6.55408, 3.83535, 9.00681, 11.2718, 13.9334, 6.66594, 5.09859, 8.5446, 7.78358, 12.1934, 10.108, 7.33431, 5.61481, 7.63778, 15.0857, 6.52373, 4.82166, 3.61027, 3.85045, 2.7502, 1.60764, 7.08164, 11.1213, 13.2062, 16.8574, 28.5696)
(5.58298, 6.45706, 8.31434, 10.8134, 20.9425, 11.6983, 5.52337, 6.55408, 3.83535, 9.00681, 11.2718, 13.9334, 6.66594, 5.09859, 8.5446, 7.78358, 12.1934, 10.108, 7.33431, 5.61481, 7.63778, 15.0857, 6.52373, 4.82166, 3.61027, 3.85045, 2.7502, 1.60764, 7.08164, 11.1213, 13.2062, 16.8574, 28.5696)
(5.58298, 6.45706, 8.31434, 10.8134, 20.9425, 11.6983, 5.52337, 6.55408, 3.83535, 9.00681, 11.2718, 13.9334, 6.66594, 5.09859, 8.5446, 7.78358, 12.1934, 10.108, 7.33431, 5.61481, 7.63778, 15.0857, 6.52373, 4.82166, 3.61027, 3.85045, 2.7502, 1.60764, 7.08164, 11.1213, 13.2062, 16.8574, 28.5696)
(5.58298, 6.45706, 8.31434, 10.8134, 20.9425, 11.6983, 5.52337, 6.55408, 3.83535, 9.00681, 11.2718, 13.9334, 6.66594, 5.09859, 8.5446, 7.78358, 12.1934, 10.108, 7.33431, 5.61481, 7.63778, 15.0857, 6.52373, 4.82166, 3.61027, 3.85045, 2.7502, 1.60764, 7.08164, 11.1213, 13.2062, 16.8574, 28.5696)
(5.58298, 6.45706, 8.31434, 10.8134, 20.9425, 11.6983, 5.52337, 6.55408, 3.83535, 9.00681, 11.2718, 13.9334, 6.66594, 5.09859, 8.5446, 7.78358, 12.1934, 10.108, 7.33431, 5.61481, 7.63778, 15.0857, 6.52373, 4.82166, 3.61027, 3.85045, 2.7502, 1.60764, 7.08164, 11.1213, 13.2062, 16.8574, 28.5696)
(5.58298, 6.45706, 8.31434, 10.8134, 20.9425, 11.6983, 5.52337, 6.55408, 3.83535, 9.00681, 11.2718, 13.9334, 6.66594, 5.09859, 8.5446, 7.78358, 12.1934, 10.108, 7.33431, 5.61481, 7.63778, 15.0857, 6.52373, 4.82166, 3.61027, 3.85045, 2.7502, 1.60764, 7.08164, 11.1213, 13.2062, 16.8574, 28.5696)
(5.58298, 6.45706, 8.31434, 10.8134, 20.9425, 11.6983, 5.52337, 6.55408, 3.83535, 9.00681, 11.2718, 13.9334, 6.66594, 5.09859, 8.5446, 7.78358, 12.1934, 10.108, 7.33431, 5.61481, 7.63778, 15.0857, 6.52373, 4.82166, 3.61027, 3.85045, 2.7502, 1.60764, 7.08164, 11.1213, 13.2062, 16.8574, 28.5696)
(5.58298, 6.45706, 8.31434, 10.8134, 20.9425, 11.6983, 5.52337, 6.55408, 3.83535, 9.00681, 11.2718, 13.9334, 6.66594, 5.09859, 8.5446, 7.78358, 12.1934, 10.108, 7.33431, 5.61481, 7.63778, 15.0857, 6.52373, 4.82166, 3.61027, 3.85045, 2.7502, 1.60764, 7.08164, 11.1213, 13.2062, 16.8574, 28.5696)
(5.58298, 6.45706, 8.31434, 10.8134, 20.9425, 11.6983, 5.52337, 6.55408, 3.83535, 9.00681, 11.2718, 13.9334, 6.66594, 5.09859, 8.5446, 7.78358, 12.1934, 10.108, 7.33431, 5.61481, 7.63778, 15.0857, 6.52373, 4.82166, 3.61027, 3.85045, 2.7502, 1.60764, 7.08164, 11.1213, 13.2062, 16.8574, 28.5696)
(5.58298, 6.45706, 8.31434, 10.8134, 20.9425, 11.6983, 5.52337, 6.55408, 3.83535, 9.00681, 11.2718, 13.9334, 6.66594, 5.09859, 8.5446, 7.78358, 12.1934, 10.108, 7.33431, 5.61481, 7.63778, 15.0857, 6.52373, 4.82166, 3.61027, 3.85045, 2.7502, 1.60764, 7.08164, 11.1213, 13.2062, 16.8574, 28.5696)
(5.58298, 6.45706, 8.31434, 10.8134, 20.9425, 11.6983, 5.52337, 6.55408, 3.83535, 9.00681, 11.2718, 13.9334, 6.66594, 5.09859, 8.5446, 7.78358, 12.1934, 10.108, 7.33431, 5.61481, 7.63778, 15.0857, 6.52373, 4.82166, 3.61027, 3.85045, 2.7502, 1.60764, 7.08164, 11.1213, 13.2062, 16.8574, 28.5696)
(5.58298, 6.45706, 8.31434, 10.8134, 20.9425, 11.6983, 5.52337, 6.55408, 3.83535, 9.00681, 11.2718, 13.9334, 6.66594, 5.09859, 8.5446, 7.78358, 12.1934, 10.108, 7.33431, 5.61481, 7.63778, 15.0857, 6.52373, 4.82166, 3.61027, 3.85045, 2.7502, 1.60764, 7.08164, 11.1213, 13.2062, 16.8574, 28.5696)
(5.58298, 6.45706, 8.31434, 10.8134, 20.9425, 11.6983, 5.52337, 6.55408, 3.83535, 9.00681, 11.2718, 13.9334, 6.66594, 5.09859, 8.5446, 7.78358, 12.1934, 10.108, 7.33431, 5.61481, 7.63778, 15.0857, 6.52373, 4.82166, 3.61027, 3.85045, 2.7502, 1.60764, 7.08164, 11.1213, 13.2062, 16.8574, 28.5696)
